0.519499 -0.001669308 -0.000064645 0.013770348 0.001821480 -0.020703098 -0.001113565 0.999783397
0.623377 -0.002182206 -0.000120490 0.017057791 0.002222331 -0.027457269 -0.001072573 0.999619961
0.727122 -0.010402268 -0.000761823 0.059195746 0.002135945 -0.034083977 -0.001060222 0.999416113
0.830874 -0.017556768 -0.000182302 0.069688290 0.002408671 -0.040661607 -0.000393133 0.999170005
0.934622 -0.022919562 -0.000415737 0.081829846 0.002555705 -0.049676362 0.000004534 0.998762071
1.038404 -0.005790163 -0.000248330 0.033532839 0.002532067 -0.066029854 0.000557677 0.997814298
1.142127 -0.007228292 -0.000444880 0.038292162 0.003299032 -0.078201108 -0.001346115 0.996931255
1.245873 -0.012923973 -0.000261530 0.049806543 0.004584991 -0.090262361 -0.003691462 0.995900631
1.349627 -0.010638340 -0.000812535 0.047476985 0.004945868 -0.104750574 -0.005303426 0.994472086
1.453253 -0.015208237 -0.000740023 0.057547942 0.005363602 -0.119412549 -0.005998651 0.992812097
1.556997 -0.014989164 -0.001092101 0.057743389 0.005060762 -0.135404944 -0.006830225 0.990753889
1.660772 -0.020699795 -0.001240643 0.067378990 0.004786715 -0.151233092 -0.007878248 0.988455117
1.764374 -0.023749094 -0.000780552 0.073619410 0.005065979 -0.168776706 -0.009031488 0.985599935
1.868002 -0.023155283 -0.001421944 0.073059663 0.004665306 -0.186834306 -0.010354540 0.982325792
1.971750 -0.027614299 -0.001471153 0.079313487 0.004787073 -0.204204395 -0.012118266 0.978841543
2.075498 -0.031561516 -0.001433913 0.084768407 0.005031346 -0.222734392 -0.012750775 0.974782765
2.179126 -0.036277208 -0.001109661 0.091975622 0.005390251 -0.242687374 -0.010156380 0.970036387
2.282875 -0.040613316 -0.000861767 0.098061346 0.005267247 -0.263755620 -0.007521236 0.964545846
2.386504 -0.042050574 -0.001762332 0.098538905 0.003273499 -0.286593258 -0.008711257 0.958007157
2.490144 -0.048723444 -0.001739953 0.104591474 0.002404798 -0.310613126 -0.010900703 0.950470865
2.593620 -0.053287830 -0.001477285 0.108644813 0.002877622 -0.336083323 -0.012839055 0.941740334
2.697329 -0.059696734 -0.001544638 0.113901101 0.002536619 -0.361614764 -0.012582179 0.932239234
2.800890 -0.065439962 -0.002060028 0.117898844 0.000865462 -0.387883067 -0.010578358 0.921647489
2.904641 -0.072276518 -0.001845498 0.123101808 -0.000415756 -0.415553719 -0.007510680 0.909537494
3.008248 -0.079829693 -0.001356977 0.127527922 -0.001100481 -0.441513360 -0.005328777 0.897238135
3.112001 -0.088465028 -0.001800832 0.131032407 -0.002927240 -0.466717660 -0.006770230 0.884375632
3.215751 -0.097177491 -0.001083775 0.134889871 -0.003052691 -0.493263036 -0.005719121 0.869856060
3.319374 -0.106675558 -0.001418240 0.138462156 -0.004540383 -0.519433677 -0.007018769 0.854469895
3.423126 -0.116092741 -0.001226792 0.143197566 -0.005003599 -0.547392666 -0.007908789 0.836823523
3.526893 -0.127012864 -0.000266163 0.145175815 -0.005003904 -0.571028471 -0.008121231 0.820874810
3.630648 -0.139151990 -0.001409658 0.146498069 -0.009027840 -0.593628585 -0.008681227 0.804641664
3.734395 -0.150361925 -0.000985709 0.147975534 -0.010363040 -0.615795553 -0.008124092 0.787795961
3.838251 -0.162866578 0.000732536 0.148702919 -0.008572890 -0.635244191 -0.006548761 0.772236049
3.942122 -0.176839694 -0.000882154 0.150319949 -0.010951782 -0.654598236 -0.008739753 0.755847096
4.046284 -0.189881191 -0.001012044 0.148907766 -0.010488473 -0.668746173 -0.009734823 0.743353009
4.150266 -0.203476697 -0.000525759 0.148883596 -0.008332316 -0.683191776 -0.011100748 0.730107069
4.254380 -0.218997523 0.000799111 0.149954304 -0.006269666 -0.697332323 -0.009403298 0.716658890
4.358512 -0.235749975 0.000404614 0.149201959 -0.007415832 -0.708281636 -0.007254775 0.705853701
4.462646 -0.251865059 0.000559215 0.148052782 -0.006497444 -0.717602849 -0.006957861 0.696387470
4.566885 -0.268530250 0.000969239 0.146714628 -0.005328523 -0.724844217 -0.006385315 0.688862562
4.671250 -0.284979999 0.001899988 0.144659311 -0.003574474 -0.730167091 -0.006147030 0.683231652
4.775500 -0.303435475 0.001527032 0.143321618 -0.005455681 -0.734882772 -0.005960731 0.678146064
4.879959 -0.320337206 0.001578058 0.142378554 -0.006443262 -0.738708615 -0.005549979 0.673971295
4.984250 -0.340305507 0.001756313 0.139222577 -0.005368463 -0.740410447 -0.007788954 0.672088504
5.088502 -0.359340400 0.001892059 0.137090474 -0.005878074 -0.741905987 -0.008097817 0.670429289
5.192878 -0.380001336 0.002547687 0.133598179 -0.006648229 -0.741714835 -0.006903155 0.670646906
5.297154 -0.399806798 0.002463733 0.132588312 -0.008138035 -0.741884172 -0.007764802 0.670433700
5.401501 -0.420005500 0.003168530 0.130416095 -0.008139724 -0.741182566 -0.009122236 0.671192169
5.505749 -0.441195637 0.003257149 0.128855675 -0.007183652 -0.741026521 -0.009440176 0.671370983
5.610008 -0.463498056 0.003207164 0.126278475 -0.006648529 -0.740393698 -0.009339776 0.672075629
5.714253 -0.486489356 0.003789288 0.121735230 -0.005352046 -0.738561988 -0.009547669 0.674096644
5.818377 -0.508513391 0.005282902 0.120463580 -0.006421198 -0.738560796 -0.009538393 0.674088836
5.922523 -0.531896293 0.004295491 0.119978398 -0.008142726 -0.738767564 -0.012244293 0.673799813
6.026772 -0.556106687 0.003902271 0.116672486 -0.006587187 -0.737614930 -0.016309846 0.674992442
6.130876 -0.580236375 0.005297662 0.112633541 -0.004385184 -0.736148357 -0.015857002 0.676620185
6.235023 -0.604965925 0.005585277 0.112670124 -0.005909663 -0.736825943 -0.013376605 0.675924301
6.339025 -0.630656004 0.006939810 0.110848978 -0.006603532 -0.736850500 -0.011649506 0.675923109
6.443143 -0.655886114 0.006613784 0.108228743 -0.007027913 -0.735806167 -0.013354504 0.677024007
6.547271 -0.679531634 0.006691911 0.106720358 -0.008857707 -0.735652268 -0.012439300 0.677187204
6.651280 -0.706037104 0.007622084 0.103670985 -0.009796638 -0.734693289 -0.012099088 0.678220809
6.755380 -0.733298481 0.008810753 0.101525441 -0.006887255 -0.734701693 -0.011086238 0.678264737
6.859377 -0.759797752 0.008184015 0.099492684 -0.006323240 -0.734780848 -0.008445509 0.678222537
6.963378 -0.786903024 0.008323192 0.096934460 -0.005793055 -0.734902501 -0.005412221 0.678126395
7.067377 -0.813394964 0.008419439 0.095417425 -0.007287704 -0.735339582 -0.004862425 0.677642226
7.171256 -0.841181815 0.008809184 0.092755303 -0.009096207 -0.735045791 -0.008435646 0.677903950
7.275272 -0.867883205 0.009618506 0.089945607 -0.011639603 -0.734849572 -0.011497985 0.678032756
7.379272 -0.895652354 0.009483585 0.089235097 -0.013030381 -0.735857725 -0.013517478 0.676875889
7.483251 -0.922769606 0.010882080 0.085959665 -0.012478982 -0.735619247 -0.013445032 0.677146792
7.587271 -0.951396704 0.010786263 0.082380354 -0.011134375 -0.735515952 -0.012695479 0.677296996
7.691129 -0.977821290 0.011259699 0.080421411 -0.009534255 -0.735664189 -0.012489963 0.677164197
7.795131 -1.006365180 0.012784295 0.077923343 -0.008590370 -0.736039460 -0.012213592 0.676773965
7.899003 -1.033028126 0.012102315 0.075093098 -0.010137863 -0.735534012 -0.014441718 0.677257955
8.003004 -1.060580134 0.011810044 0.071893275 -0.008605206 -0.735124528 -0.015812073 0.677693069
8.107005 -1.087808132 0.013241809 0.069264956 -0.006993602 -0.735199571 -0.012483593 0.677699685
8.211004 -1.114366770 0.014003378 0.066234209 -0.005027871 -0.734718919 -0.011234112 0.678260028
8.315006 -1.140962958 0.013475747 0.065072179 -0.005356500 -0.734957516 -0.012103486 0.677983999
8.418880 -1.165684938 0.013884779 0.062342025 -0.006771421 -0.734920025 -0.012878611 0.677997649
8.522877 -1.193275332 0.014786851 0.061255544 -0.008489161 -0.735255301 -0.012835818 0.677615523
8.626899 -1.220270276 0.017884340 0.060208067 -0.010446242 -0.735427618 -0.012753563 0.677402735
8.730751 -1.247731805 0.018722260 0.056363389 -0.010980132 -0.735373199 -0.014114440 0.677426338
8.834756 -1.277026176 0.015472930 0.054310367 -0.011651138 -0.734436691 -0.017222034 0.678358614
8.938756 -1.300314069 0.015297268 0.051970050 -0.010625651 -0.734158397 -0.015868921 0.678709567
9.042758 -1.328080416 0.016663862 0.048873127 -0.008600514 -0.733979106 -0.013318571 0.678986967
9.146631 -1.354628801 0.017916745 0.046555154 -0.006179822 -0.733875275 -0.013631368 0.679119349
9.250652 -1.381629825 0.017036831 0.041904889 -0.003737406 -0.733173192 -0.016008187 0.679843187
9.354505 -1.408157110 0.017375877 0.041433871 -0.005264178 -0.734379888 -0.013051308 0.678592741
9.458529 -1.436416149 0.017699655 0.039826185 -0.004676009 -0.735411465 -0.010465329 0.677523792
9.562503 -1.465200186 0.018100780 0.038264148 -0.005564645 -0.735394418 -0.008876742 0.677558362
9.666385 -1.491950154 0.019715058 0.035785571 -0.005808123 -0.735958815 -0.008446034 0.676948726
9.770380 -1.517200828 0.019941609 0.035118192 -0.008869770 -0.737821698 -0.008995436 0.674877524
9.874249 -1.543869734 0.020018030 0.031838521 -0.010468520 -0.737889171 -0.010373351 0.674760938
9.978133 -1.570335984 0.019892914 0.029214457 -0.010770549 -0.738325298 -0.009996032 0.674284637
10.082130 -1.596253276 0.019168194 0.026364192 -0.009080129 -0.738152921 -0.011587509 0.674472749
10.186010 -1.622281551 0.018750442 0.022784114 -0.005681136 -0.738264263 -0.012751866 0.674367070
10.290010 -1.648455977 0.019479761 0.020993695 -0.004588700 -0.739028811 -0.012901544 0.673534751
10.393880 -1.674990296 0.020055268 0.018171176 -0.005009926 -0.739578247 -0.012602920 0.672933936
10.497760 -1.701258779 0.019957919 0.016229540 -0.006200863 -0.740199506 -0.012814996 0.672236621
10.601750 -1.725428462 0.020387294 0.012653366 -0.003646198 -0.739808559 -0.015547891 0.672627866
10.705630 -1.750500083 0.020193828 0.010006428 -0.003781677 -0.739824116 -0.015548320 0.672609985
10.809650 -1.775510907 0.021916069 0.008075267 -0.004744944 -0.740375936 -0.014817358 0.672012925
10.913510 -1.797211170 0.021799117 0.006139144 -0.005578774 -0.740631461 -0.015796954 0.671702564
11.017510 -1.825972557 0.021780301 0.003456801 -0.007570215 -0.740414798 -0.016452234 0.671906173
11.121380 -1.850672841 0.022692740 0.000278875 -0.007788114 -0.740593493 -0.018440522 0.671655118
11.225380 -1.873554111 0.022911236 -0.001042768 -0.008293631 -0.741454899 -0.017609641 0.670720339
11.329280 -1.892975330 0.022048037 -0.003876477 -0.008225845 -0.740954220 -0.017199451 0.671284854
11.433260 -1.917286515 0.022894830 -0.007142231 -0.007654789 -0.741528571 -0.014474883 0.670721471
11.537150 -1.943723559 0.024281923 -0.010426208 -0.004962963 -0.741175652 -0.014998253 0.671125233
11.641130 -1.965638399 0.024361709 -0.014870539 -0.004123303 -0.739811420 -0.014167760 0.672652543
11.745130 -1.987787247 0.024098467 -0.016748190 -0.003960063 -0.739518881 -0.013611481 0.672986567
11.849140 -2.008896351 0.025958601 -0.016057312 -0.003322889 -0.739142954 -0.013425710 0.673406601
11.953260 -2.029032707 0.025432689 -0.018246561 -0.004372269 -0.736878633 -0.013922901 0.675867558
12.057260 -2.050988197 0.027015295 -0.022958159 -0.004299889 -0.733292937 -0.014237728 0.679750204
12.161380 -2.071220160 0.026161348 -0.021727793 -0.004852221 -0.731167614 -0.014256255 0.682031631
12.265510 -2.096878290 0.024430510 -0.020985559 -0.005450717 -0.727299511 -0.017564980 0.686073720
12.369630 -2.114035845 0.024402857 -0.024690405 -0.005207825 -0.721702993 -0.018624991 0.691932619
12.473910 -2.134345293 0.025158159 -0.025059523 -0.005182176 -0.714805722 -0.018166792 0.699067831
12.578130 -2.153326750 0.026382633 -0.021608187 -0.004279596 -0.708137572 -0.019008646 0.705805600
12.682390 -2.169263601 0.026233669 -0.020039227 -0.005243046 -0.699617863 -0.018112678 0.714268386
12.786780 -2.183068275 0.024250921 -0.023019418 -0.006325451 -0.687856257 -0.019377543 0.725560665
12.891130 -2.199303389 0.024852961 -0.015151560 -0.006865459 -0.678396404 -0.017521732 0.734455049
12.995510 -2.216462374 0.025056802 -0.016311079 -0.008082324 -0.661627650 -0.015917944 0.749620020
13.099880 -2.229748487 0.026083045 -0.015428543 -0.007671098 -0.645451367 -0.015627107 0.763602972
13.204380 -2.246260405 0.026977137 -0.008571863 -0.007389207 -0.628073215 -0.016688630 0.777940154
13.308760 -2.259481907 0.026877370 -0.004229486 -0.008900248 -0.608658731 -0.014216285 0.793254793
13.413260 -2.272340775 0.027123209 0.001413167 -0.009735840 -0.587846994 -0.011246416 0.808835387
13.517630 -2.283926725 0.025785990 0.006044567 -0.011598915 -0.564535677 -0.008327816 0.825285196
13.622130 -2.296303988 0.026002422 0.013359785 -0.012171601 -0.541025758 -0.005003041 0.840903044
13.726510 -2.308375597 0.027775107 0.022670984 -0.011590220 -0.518422484 -0.002841628 0.855041325
13.830760 -2.319483995 0.028766373 0.030920565 -0.012659604 -0.494879276 -0.000534325 0.868869364
13.935130 -2.332527876 0.028836446 0.041054845 -0.014246217 -0.471343964 0.001391283 0.881833315
14.039380 -2.343266010 0.028463464 0.049264073 -0.016385077 -0.446093172 0.004191861 0.894826710
14.143650 -2.351850510 0.028770192 0.062224984 -0.015100196 -0.424000144 0.005651447 0.905518591
14.247880 -2.362075806 0.027594153 0.070089221 -0.012586814 -0.398732990 0.007285259 0.916951716
14.352150 -2.371230602 0.027675390 0.081026673 -0.006483847 -0.372394979 0.007720916 0.928019524
14.456380 -2.379809856 0.028348766 0.092940569 -0.002024630 -0.345348626 0.008825531 0.938430786
14.560630 -2.388786793 0.027753081 0.106116772 0.000012236 -0.316981733 0.006790206 0.948407352
14.664880 -2.395531178 0.029301072 0.119332910 0.003787517 -0.288329452 0.005916339 0.957505524
14.769010 -2.404751778 0.027783554 0.135307193 0.002678859 -0.260737240 0.006299377 0.965385556
14.873160 -2.412018061 0.027368749 0.151313663 0.002072887 -0.234388664 0.005592495 0.972124696
14.977150 -2.417739391 0.025886089 0.167331100 0.001616428 -0.210510612 0.001511634 0.977589071
15.081160 -2.424908638 0.026893621 0.185172379 0.003902418 -0.188692018 0.000267166 0.982028544
15.185010 -2.431892157 0.026781807 0.204118431 0.003229327 -0.169070423 -0.002789785 0.985594749
15.288760 -2.437852144 0.026494399 0.223755836 0.002165761 -0.153318018 -0.002749928 0.988170683
15.392480 -2.442224264 0.026401415 0.243334770 0.001621874 -0.141157240 -0.001562713 0.989984632
15.496190 -2.448723555 0.025940426 0.264899492 0.000166910 -0.129764050 -0.002352337 0.991542101
15.599910 -2.452836514 0.025678305 0.286198735 -0.000963672 -0.121240586 -0.003369892 0.992616951
15.703610 -2.457755327 0.026251826 0.307882428 -0.001163516 -0.113323383 -0.005447151 0.993542552
15.807320 -2.464287281 0.025687326 0.331654638 -0.001878744 -0.105888300 -0.007794453 0.994345725
15.911010 -2.468244553 0.025338756 0.353561312 -0.001803941 -0.099122487 -0.007803247 0.995042980
16.014760 -2.471731186 0.025539398 0.376602083 -0.001899903 -0.092514016 -0.007043587 0.995684683
16.118550 -2.477151871 0.025205977 0.403798848 -0.002203311 -0.085253395 -0.007271857 0.996330321
16.222360 -2.481530905 0.025226489 0.428701103 -0.002025003 -0.077421114 -0.008006025 0.996964276
16.326140 -2.484952211 0.025301378 0.452880323 -0.000502940 -0.071542419 -0.008632057 0.997400045
16.429890 -2.488683224 0.025052240 0.477647096 0.002039478 -0.066075690 -0.010243069 0.997759938
16.533760 -2.490994453 0.024440950 0.505230427 0.004586519 -0.061301831 -0.007791600 0.998078346
16.637520 -2.492038012 0.023419525 0.532942712 0.004390855 -0.058731779 -0.005509555 0.998248935
16.741260 -2.497611284 0.025069432 0.557654381 0.002608679 -0.053734019 -0.006772284 0.998528898
16.845140 -2.500740290 0.022885893 0.586913407 -0.002469631 -0.051009845 -0.011025757 0.998634219
16.948890 -2.503425837 0.022658940 0.611700714 -0.005088822 -0.049322572 -0.011191371 0.998707235
17.052630 -2.505084753 0.023191938 0.639179885 -0.003393424 -0.047814395 -0.009922202 0.998801172
17.156420 -2.508516312 0.022645522 0.667188168 -0.002339488 -0.044831779 -0.010710886 0.998934388
17.260280 -2.511151552 0.023407744 0.697417974 -0.002517037 -0.044531528 -0.009875337 0.998955965
17.364000 -2.514113903 0.021356259 0.724439144 -0.005760015 -0.042959284 -0.009317784 0.999016821
17.467890 -2.516180277 0.021057349 0.751968384 -0.006799420 -0.041627333 -0.008041174 0.999077737
17.571660 -2.518494844 0.021167962 0.778975606 -0.004473934 -0.039999884 -0.008692417 0.999151826
17.675510 -2.520472288 0.020436618 0.805552363 -0.001602289 -0.039447244 -0.009867268 0.999171674
17.779390 -2.522614956 0.020535439 0.834136367 0.002565545 -0.039502103 -0.008769717 0.999177694
17.883140 -2.525527716 0.018628214 0.861302137 0.005095274 -0.038299490 -0.013440530 0.999162912
17.987010 -2.527362347 0.018768748 0.885974705 0.003724276 -0.036896560 -0.011713048 0.999243498
18.090880 -2.529957533 0.019594520 0.913691878 0.002713088 -0.036036544 -0.012450512 0.999269247
18.194760 -2.532276392 0.020093709 0.942278624 0.000149824 -0.036244873 -0.008965734 0.999302745
18.298510 -2.533755541 0.017302230 0.966840327 -0.001915734 -0.033403937 -0.012936378 0.999356389
18.402390 -2.534480333 0.016449435 0.991684556 -0.001755173 -0.032208461 -0.013909867 0.999382854
18.506260 -2.537460327 0.017371982 1.018466592 -0.001136382 -0.031534392 -0.011361073 0.999437451
18.610130 -2.538306475 0.016886249 1.045270920 -0.000415861 -0.032038640 -0.011177885 0.999424040
18.713910 -2.539599419 0.016584041 1.068108082 0.000144441 -0.031428814 -0.008745942 0.999467731
18.817760 -2.541135788 0.016716387 1.095813751 0.001483789 -0.031317160 -0.009886269 0.999459505
18.921640 -2.544324875 0.015316883 1.127340317 -0.000862943 -0.030450014 -0.010912921 0.999476373
19.025510 -2.546360731 0.015006658 1.154218316 -0.000369734 -0.029838452 -0.012122619 0.999481142
19.129390 -2.545219183 0.014998276 1.177826285 -0.000054196 -0.031248825 -0.011569622 0.999444664
19.233260 -2.547657013 0.014003504 1.204494357 -0.000042136 -0.032803725 -0.009257455 0.999418974
19.337010 -2.552540302 0.014545693 1.236785173 0.000234978 -0.033207737 -0.010748610 0.999390662
19.440890 -2.554248095 0.013483224 1.266719460 -0.000387025 -0.035278887 -0.012297472 0.999301791
19.544760 -2.558461666 0.014152313 1.292941451 0.002606491 -0.035174895 -0.015081028 0.999263942
19.648510 -2.561851025 0.013871556 1.320446730 0.004545171 -0.035785459 -0.015438963 0.999229908
19.752390 -2.566530228 0.014597578 1.344936371 0.005415393 -0.035087701 -0.016774634 0.999228776
19.856260 -2.565181255 0.013001596 1.377961397 0.004665516 -0.037838444 -0.016475717 0.999137163
19.960140 -2.567495108 0.012088425 1.409387827 0.003995002 -0.039257649 -0.013976080 0.999123394
20.064010 -2.570639372 0.012187717 1.439614415 0.003722587 -0.039654858 -0.019137410 0.999023199
20.167930 -2.574149847 0.011595315 1.466005802 0.002108879 -0.040092748 -0.016270066 0.999061286
20.271890 -2.574779510 0.009501711 1.500116706 -0.000321296 -0.041383952 -0.014920608 0.999031842
20.375760 -2.577973604 0.010377532 1.536044955 -0.000595375 -0.040612344 -0.016670235 0.999035716
20.479750 -2.580450535 0.009975139 1.570424318 -0.002058715 -0.041127946 -0.014662190 0.999044180
20.583640 -2.579109669 0.009599555 1.594927430 -0.002070748 -0.042310849 -0.014694277 0.998994291
20.687510 -2.588626146 0.011321146 1.635659218 0.001848200 -0.037818655 -0.014895079 0.999171853
20.791530 -2.590692282 0.009841119 1.660909534 0.001543927 -0.035977948 -0.019859154 0.999154031
20.895390 -2.590596199 0.011093298 1.683874249 0.002094055 -0.035530668 -0.020988075 0.999145985
20.999260 -2.590271711 0.002963347 1.711151123 -0.001666408 -0.036330402 -0.014175441 0.999237895
21.103270 -2.589622021 0.000530773 1.741939425 -0.003151284 -0.037638765 -0.010140708 0.999234974
21.207140 -2.596778154 0.011959936 1.787317753 0.001429450 -0.036204319 -0.006763423 0.999320507
21.311120 -2.599759102 0.006044966 1.827025890 -0.000489496 -0.036251299 -0.007838657 0.999311805
21.415040 -2.604528666 0.004288022 1.866906166 0.001562507 -0.036408909 -0.004939459 0.999323547
21.519010 -2.606786728 0.007428352 1.901925802 0.006744583 -0.036429510 0.002733427 0.999309719
21.622900 -2.603904247 0.002321567 1.914883614 0.008343448 -0.034187146 -0.012229182 0.999305785
21.726890 -2.604736567 -0.000849474 1.953025937 0.008446547 -0.034966111 -0.013793324 0.999257624
21.830760 -2.606784582 0.001417054 1.985376716 0.006362537 -0.035135150 -0.016944699 0.999218643
21.934640 -2.605873346 -0.004813257 2.012994766 0.000568724 -0.034734309 -0.018630240 0.999222755
22.038660 -2.608220339 -0.007012982 2.057323694 -0.003769988 -0.036499929 -0.016758831 0.999185979
22.142620 -2.608029366 -0.008284274 2.088994503 -0.005110142 -0.040395852 -0.010217546 0.999118447
22.246540 -2.619027138 -0.002316425 2.107343912 -0.000920491 -0.038616650 -0.004552173 0.999243319
22.350390 -2.616566658 -0.004966138 2.143122435 -0.000671325 -0.042040601 -0.007397256 0.999088287
22.454390 -2.623899698 0.003196314 2.163399220 0.003940712 -0.039546870 -0.016541755 0.999073029
22.558370 -2.629701138 -0.001387673 2.193711758 0.003539555 -0.040668264 -0.009577502 0.999120533
22.662270 -2.629731894 -0.003938740 2.227053881 0.004815256 -0.044803895 -0.007765643 0.998953998
22.766140 -2.631968975 -0.005262012 2.256783962 0.006447816 -0.046992052 -0.007988675 0.998842537
22.870160 -2.636317730 -0.005198210 2.286092997 0.007378033 -0.047724791 -0.013060433 0.998747885
22.974020 -2.638225079 -0.006298345 2.317830086 0.006758990 -0.050571885 -0.012457324 0.998619854
23.078010 -2.640232325 -0.006801877 2.349511147 0.004178487 -0.052475661 -0.014404575 0.998509586
23.181990 -2.645559788 -0.007082291 2.374586821 0.001389007 -0.053813796 -0.015940586 0.998422801
23.285910 -2.648980618 -0.009633176 2.406338692 -0.001388381 -0.056683607 -0.010285472 0.998338223
23.389770 -2.653000593 -0.008502863 2.427609444 -0.001967521 -0.059412006 -0.013616582 0.998138726
23.493760 -2.656710863 -0.009636641 2.455629587 -0.004397381 -0.062414557 -0.011456104 0.997974873
23.597640 -2.660969257 -0.010123668 2.483975410 -0.004253899 -0.065456904 -0.011040228 0.997785211
23.701510 -2.665745497 -0.009655245 2.511961699 -0.002762974 -0.067755900 -0.014172825 0.997597456
23.805540 -2.668490410 -0.008190053 2.540966511 -0.000049866 -0.071727820 -0.018672207 0.997249424
23.909390 -2.675699234 -0.009349075 2.566806316 0.001009895 -0.073414363 -0.017839080 0.997141421
24.013390 -2.683381557 -0.009086938 2.592372417 0.001818499 -0.075023912 -0.017861323 0.997020125
24.117270 -2.683499098 -0.009533427 2.623236656 -0.000715543 -0.079436943 -0.018489918 0.996668160
24.221270 -2.690446377 -0.005717920 2.654623508 0.000328460 -0.080939308 -0.026519010 0.996366143
24.325140 -2.692534685 -0.010352656 2.677221537 -0.003584055 -0.085780568 -0.021678761 0.996071696
24.429140 -2.698192835 -0.010635115 2.707832813 -0.001952127 -0.089453332 -0.017587803 0.995833814
24.533020 -2.703760147 -0.012837799 2.732788563 0.000332684 -0.093743987 -0.014642815 0.995488584
24.636890 -2.708601475 -0.011136932 2.761303902 0.002444239 -0.098780543 -0.015578507 0.994984329
24.740760 -2.714185715 -0.013053818 2.789980650 0.000489645 -0.104356714 -0.015481152 0.994419336
24.844640 -2.719276428 -0.012650456 2.817339182 -0.002588165 -0.110890120 -0.011777984 0.993759513
24.948510 -2.726199150 -0.012165591 2.845682621 -0.005350922 -0.116309442 -0.014126548 0.993098140
25.052390 -2.733560562 -0.011292599 2.874197245 -0.007041926 -0.122005075 -0.018515125 0.992331803
25.156270 -2.741600275 -0.009893592 2.894311905 -0.005026776 -0.127239764 -0.013257072 0.991770685
25.260140 -2.747963428 -0.011607895 2.923359394 -0.000007923 -0.133789167 -0.017180156 0.990860879
25.364010 -2.755596638 -0.014465878 2.947540283 0.000434827 -0.140773565 -0.011164271 0.989978790
25.467890 -2.764645576 -0.018347140 2.972046375 -0.003247740 -0.146010786 -0.012109631 0.989203513
25.571790 -2.772112370 -0.012179255 3.001093388 -0.003664741 -0.152257740 -0.015873918 0.988206506
25.675640 -2.780859947 -0.012750670 3.027413845 -0.006869614 -0.158494338 -0.015169544 0.987219453
25.779520 -2.789061069 -0.012466572 3.052788973 -0.005368991 -0.165693060 -0.014009914 0.986063242
25.883390 -2.799230576 -0.012432527 3.078220606 -0.003199494 -0.170803085 -0.013202517 0.985211551
25.987390 -2.808446884 -0.013962831 3.103893757 -0.000096851 -0.175896451 -0.010669173 0.984350860
26.091270 -2.818210602 -0.015346159 3.127008677 0.001086960 -0.179896206 -0.006792801 0.983661532
26.195270 -2.827441454 -0.016984720 3.150933504 0.001126414 -0.184219584 -0.005280303 0.982870281
26.299290 -2.839170456 -0.014151576 3.179918051 0.004171405 -0.187580287 -0.013687747 0.982145011
26.403140 -2.851708889 -0.014481006 3.206563234 0.003135442 -0.191232324 -0.013581815 0.981445849
26.507020 -2.859141827 -0.015558014 3.226182461 -0.000730976 -0.196477458 -0.012165089 0.980432570
26.611020 -2.872003555 -0.014305353 3.249331951 -0.003848195 -0.198903874 -0.013988668 0.979911625
26.714890 -2.881922722 -0.013862491 3.276411295 -0.006112686 -0.202742770 -0.017143438 0.979062915
26.818890 -2.890575409 -0.012616232 3.300044060 -0.003480908 -0.206899226 -0.020900426 0.978132784
26.922890 -2.907948256 -0.014774092 3.332718611 -0.000827950 -0.208218440 -0.020231280 0.977872729
27.026890 -2.918127537 -0.015419292 3.355047464 0.001691683 -0.211031884 -0.016377168 0.977340519
27.130890 -2.927045822 -0.014975840 3.379613876 0.002750894 -0.214530051 -0.015999699 0.976582468
27.234770 -2.943236589 -0.016302448 3.408411741 0.000244950 -0.215402052 -0.020145066 0.976317585
27.338640 -2.955191135 -0.016790926 3.431058407 -0.002110854 -0.217786804 -0.020564750 0.975777388
27.442660 -2.966094494 -0.017433032 3.454777241 -0.001603210 -0.221241593 -0.018594209 0.975040436
27.546520 -2.977648258 -0.014180406 3.481676102 0.004487204 -0.224217892 -0.019782055 0.974327922
27.650520 -2.988948584 -0.013639683 3.504481316 0.007630542 -0.226414904 -0.023040293 0.973728478
27.754390 -3.002027988 -0.011840586 3.536269426 0.010484753 -0.229173571 -0.025293108 0.973000407
27.858410 -3.014180183 -0.015539048 3.556201220 0.007150661 -0.231261879 -0.026025843 0.972517073
27.962300 -3.030149221 -0.018263772 3.586108208 0.003639959 -0.233781263 -0.021147756 0.972052395
28.066150 -3.040713787 -0.016540002 3.613539696 0.005163786 -0.237247929 -0.023370871 0.971154213
28.170020 -3.052664995 -0.017110093 3.640246868 0.005581340 -0.240844160 -0.022277676 0.970292032
28.274040 -3.068866014 -0.019871783 3.661737919 0.003776149 -0.241673559 -0.019556811 0.970153153
28.377890 -3.081714630 -0.020888224 3.684329748 0.002959908 -0.242955565 -0.019102583 0.969844759
28.481890 -3.093479156 -0.018217031 3.711882591 0.005265263 -0.246523574 -0.022383820 0.968863964
28.585770 -3.103792191 -0.017017264 3.734731913 0.006583573 -0.249295175 -0.025992543 0.968056262
28.689660 -3.122875452 -0.021343667 3.754214764 0.005242715 -0.249868736 -0.019910524 0.968060791
28.793670 -3.133971214 -0.021131014 3.776564360 0.007788406 -0.252680063 -0.019111982 0.967329741
28.897520 -3.146847963 -0.022852531 3.799648523 0.008571351 -0.254678965 -0.018877847 0.966803372
29.001520 -3.157640219 -0.023043167 3.822592974 0.007131616 -0.257546157 -0.019363504 0.966045618
29.105390 -3.174206734 -0.024305120 3.846621990 0.002191023 -0.259027153 -0.020449124 0.965651035
29.209390 -3.188159943 -0.026216008 3.869818687 -0.003145955 -0.259693295 -0.020165402 0.965475440
29.313270 -3.201813698 -0.024695754 3.890607357 -0.005040584 -0.260937721 -0.019704966 0.965141356
29.417270 -3.209356070 -0.024944082 3.915255785 -0.005144155 -0.264699548 -0.019054282 0.964128911
29.521140 -3.223128319 -0.024760857 3.932485580 -0.003233064 -0.264620513 -0.019517561 0.964149654
29.625020 -3.232808113 -0.025069684 3.953164339 -0.001939328 -0.268072248 -0.017780485 0.963232756
29.729040 -3.250119686 -0.025870658 3.970683813 -0.002828571 -0.267168432 -0.015367286 0.963523149
29.832900 -3.260763168 -0.024159752 3.988326073 -0.002268600 -0.268808246 -0.013188734 0.963100731
29.936770 -3.271212578 -0.026485421 4.007549286 -0.003298112 -0.270778716 -0.013892570 0.962535739
30.040770 -3.276412487 -0.027282909 4.028881550 -0.005102606 -0.276036382 -0.011962410 0.961059213
30.144650 -3.285509109 -0.026323482 4.044501305 -0.003320515 -0.277071357 -0.012916858 0.960756779
30.248520 -3.294926643 -0.029777057 4.059597969 -0.006509259 -0.278435141 -0.011889595 0.960359395
30.352400 -3.300513744 -0.025994234 4.077112198 -0.003362113 -0.281494886 -0.012687274 0.959472954
30.456270 -3.310649395 -0.026390888 4.097291470 -0.002137556 -0.286113530 -0.011120680 0.958128810
30.560270 -3.324997902 -0.026678599 4.106944561 -0.000058661 -0.282726884 -0.012712605 0.959116220
30.664040 -3.330840111 -0.023830913 4.122000694 0.003319487 -0.287119061 -0.008930102 0.957847536
30.767900 -3.353260279 -0.018503377 4.132853985 0.004732903 -0.280624419 -0.004483720 0.959795535
30.871790 -3.351501703 -0.021833131 4.145646095 0.001895997 -0.290079981 -0.005476503 0.956984878
30.975650 -3.371393681 -0.020237945 4.156815052 0.003083773 -0.286003590 -0.006132856 0.958203971
31.079540 -3.385031462 -0.016510628 4.165409088 0.004408456 -0.285396874 -0.007365961 0.958370984
31.183270 -3.386413336 -0.017289730 4.178541183 0.000993533 -0.292511880 -0.010436830 0.956204414
31.287140 -3.386593103 -0.016318079 4.190500259 -0.000164003 -0.301043630 -0.010129518 0.953556538
31.390900 -3.399083853 -0.014532890 4.199408531 0.000213175 -0.301843166 -0.007352151 0.953329265
31.494660 -3.408236265 -0.015885636 4.206451893 -0.001315032 -0.305579334 -0.006633334 0.952142596
31.598390 -3.415197849 -0.015950769 4.212051392 -0.002269072 -0.311349779 -0.004516011 0.950281918
31.702150 -3.418962955 -0.016080182 4.219902039 -0.002671146 -0.320609182 -0.005051163 0.947194338
31.805770 -3.426602125 -0.014891308 4.226153374 -0.001662364 -0.328619838 -0.005530742 0.944444597
31.909520 -3.429369926 -0.010411439 4.234118462 0.003481593 -0.341945320 -0.002121202 0.939710975
32.013150 -3.431989908 -0.009484183 4.240811348 0.006547097 -0.355380177 -0.001399296 0.934697866
32.116900 -3.441197395 -0.001013100 4.246324539 0.016536169 -0.363545120 0.002642945 0.931426048
32.220650 -3.440755844 0.000242576 4.254234791 0.020615231 -0.379144609 0.002480394 0.925104439
32.324400 -3.441481590 -0.006027341 4.259667873 0.018022936 -0.392776728 -0.005719480 0.919439435
32.428170 -3.445740461 -0.008555904 4.263605118 0.016377211 -0.404934824 -0.008297342 0.914161205
32.531770 -3.453914404 -0.005260929 4.265850544 0.018604098 -0.413442343 -0.006226107 0.910318911
32.635530 -3.459916830 -0.005439728 4.272275448 0.017812373 -0.427367985 -0.006683062 0.903877556
32.739270 -3.478223801 0.000099793 4.277295113 0.023197107 -0.432513058 -0.004489806 0.901318014
32.842900 -3.484664202 0.000404477 4.281524658 0.023395889 -0.446385086 -0.007225553 0.894505858
32.946650 -3.490901470 0.002781630 4.287176132 0.025809146 -0.461097330 -0.008948535 0.886928976
33.050400 -3.493995190 0.001841024 4.294685841 0.024676628 -0.479039490 -0.011283530 0.877373874
33.154020 -3.500897884 0.002106473 4.297896862 0.025388328 -0.492530614 -0.013994236 0.869812191
33.257770 -3.512796879 -0.000092074 4.294176102 0.022783158 -0.499729753 -0.016398340 0.865726411
33.361650 -3.519507885 0.000145920 4.298492908 0.023094667 -0.514585495 -0.018387407 0.856930733
33.465270 -3.526089668 0.001989126 4.302083015 0.025068628 -0.529724360 -0.017524427 0.847618163
33.569020 -3.532930136 0.001348399 4.304620266 0.025896460 -0.545071185 -0.017247703 0.837812245
33.672790 -3.538825274 0.001873672 4.306257725 0.028537760 -0.560480952 -0.016888864 0.827503145
33.776420 -3.546792030 0.003474310 4.306925297 0.031375777 -0.576341927 -0.016390692 0.816441596
33.880040 -3.561098099 -0.000524819 4.306958199 0.027146135 -0.592371464 -0.017631434 0.805014431
33.983650 -3.569584370 0.000314079 4.305626869 0.028489172 -0.608225107 -0.017659195 0.793056607
34.087400 -3.578102589 0.001414910 4.305553436 0.029537182 -0.626404345 -0.016689405 0.778759658
34.191020 -3.585985422 0.001712941 4.304208755 0.031399760 -0.644285977 -0.018497251 0.763915896
34.294770 -3.598955393 0.003781460 4.300706387 0.035333883 -0.659590244 -0.020855103 0.750504673
34.398420 -3.612179041 0.006392568 4.298138618 0.035356201 -0.677717030 -0.019079754 0.734224439
34.502140 -3.633479357 0.000676315 4.307519436 0.026640346 -0.705044270 -0.019570129 0.708392441
34.605900 -3.647222281 0.000475708 4.305508137 0.024390681 -0.723867655 -0.020047693 0.689216077
34.709660 -3.658666134 -0.000213097 4.303713322 0.021698235 -0.742907584 -0.021878963 0.668684363
34.813400 -3.676738977 0.000815286 4.299117565 0.021002021 -0.759788573 -0.020820953 0.649497271
34.917150 -3.691128731 0.006405033 4.299524307 0.027578155 -0.779119849 -0.021267410 0.625906885
35.021020 -3.707556725 0.004571697 4.291852474 0.023403905 -0.793650866 -0.021985173 0.607525527
35.124770 -3.718908310 0.007266632 4.283765316 0.024119386 -0.807728052 -0.021911019 0.588653982
35.228670 -3.743209362 0.002074596 4.274801254 0.014533971 -0.821840048 -0.020892296 0.569149554
35.332520 -3.760751724 0.002408754 4.266105175 0.012486462 -0.835253775 -0.020564599 0.549338043
35.436400 -3.777612686 0.008188950 4.254047871 0.018201131 -0.846558630 -0.021833252 0.531535923
35.540420 -3.797593117 0.003164105 4.244724274 0.009394031 -0.858931601 -0.020533390 0.511592209
35.644400 -3.816834927 0.003754474 4.232136726 -0.008940439 0.868737102 0.020955019 -0.494749278
35.748650 -3.835531712 0.004264109 4.218946457 -0.008664803 0.876638830 0.021386964 -0.480595410
35.852770 -3.853422642 0.005295435 4.203653812 -0.010070289 0.882553160 0.022142882 -0.469583064
35.957050 -3.876904488 0.005715808 4.188409805 -0.010249285 0.888128400 0.022164024 -0.458946228
36.061290 -3.897211075 0.007357078 4.172567844 -0.010352931 0.891903162 0.022263279 -0.451559454
36.165670 -3.917275429 0.007294629 4.156495571 -0.009676542 0.894785702 0.022775462 -0.445809543
36.269900 -3.940857649 0.007613340 4.139199257 -0.008588736 0.897675335 0.023070564 -0.439969301
36.374170 -3.965378046 0.008522704 4.119031906 -0.008643087 0.899943948 0.023663763 -0.435277194
36.478420 -3.988894224 0.009737881 4.101240158 -0.008491483 0.901850700 0.023820268 -0.431307048
36.582670 -4.010476589 0.011363696 4.082324028 -0.008988880 0.902968347 0.023833904 -0.428951442
36.686900 -4.032751560 0.013104146 4.064339638 -0.008261614 0.904212415 0.023351574 -0.426364064
36.791110 -4.061016083 0.011910124 4.038652897 -0.007804701 0.905214310 0.024835279 -0.424157202
36.895150 -4.084255695 0.013151769 4.019902706 -0.007712568 0.905957818 0.024732344 -0.422574639
36.999490 -4.107535362 0.014157809 4.002320290 -0.007574121 0.906201899 0.024700401 -0.422055215
37.103550 -4.133867741 0.016288547 3.981333971 -0.008097565 0.906669259 0.023896446 -0.421086997
37.207650 -4.162394524 0.016713504 3.958771467 -0.008269797 0.907053232 0.023650598 -0.420269817
37.311780 -4.189626217 0.015026717 3.932133198 -0.008094872 0.906644106 0.025062587 -0.421073377
37.415890 -4.221316338 0.017333556 3.904187202 -0.007002275 0.907014668 0.024252865 -0.420341611
37.520030 -4.248368263 0.019143002 3.881767273 -0.006239051 0.907113373 0.025226099 -0.420083314
37.624150 -4.279199123 0.019321762 3.854512691 -0.007036243 0.907339156 0.026868381 -0.419480950
37.728150 -4.307594776 0.020394057 3.831705570 -0.006174419 0.907730818 0.026618941 -0.418662280
37.832280 -4.337471962 0.021774579 3.805551529 -0.006909571 0.907710254 0.025403783 -0.418770820
37.936280 -4.367153645 0.022352494 3.779016495 -0.005556631 0.907945395 0.023999983 -0.418363780
38.040280 -4.397416592 0.024278406 3.751791954 -0.006316298 0.907648802 0.023504633 -0.419024199
38.144280 -4.430689812 0.025760576 3.724544048 -0.005170517 0.908355594 0.023164306 -0.417524636
38.248280 -4.462214470 0.026572943 3.697776556 -0.005204719 0.908843696 0.022310184 -0.416507334
38.352280 -4.488687515 0.027111925 3.671152830 -0.004875681 0.908649921 0.019866249 -0.417057306
38.456150 -4.526180267 0.027921883 3.642349958 -0.007756991 0.909388363 0.019116713 -0.415436059
38.560150 -4.555838585 0.028396990 3.614704132 -0.008165938 0.908961892 0.019658394 -0.416335404
38.664150 -4.582869053 0.027282994 3.586918831 -0.005833469 0.908063054 0.020581003 -0.418286741
38.768150 -4.614876270 0.026978236 3.558567286 -0.005285006 0.907984614 0.022560051 -0.418362319
38.872030 -4.655532360 0.031092495 3.528944969 -0.007940727 0.909146845 0.022656390 -0.415783226
38.976020 -4.684554100 0.034519173 3.499464989 -0.009579204 0.908322394 0.022216799 -0.417570442
39.079900 -4.715296268 0.032986268 3.470894814 -0.006379766 0.908118784 0.023783121 -0.417987943
39.183930 -4.748135090 0.031437565 3.441145182 -0.005659591 0.907706618 0.025481166 -0.418792725
39.287780 -4.788022041 0.034643114 3.413363457 -0.006889460 0.909351766 0.024207549 -0.415266126
39.391750 -4.823980808 0.037369747 3.388975620 -0.005303910 0.910443902 0.023643471 -0.412922233
39.495830 -4.851012230 0.039100412 3.367168903 -0.006244201 0.910127521 0.024042688 -0.413582951
39.599580 -4.887606144 0.037766270 3.326513767 -0.006278400 0.909522057 0.025764273 -0.414808899
39.703630 -4.920789242 0.033508159 3.298698187 -0.008133507 0.909892023 0.028472044 -0.413787007
39.807870 -4.950659752 0.038974896 3.268330574 -0.005799031 0.909187496 0.025411056 -0.415570408
39.911280 -4.984074116 0.041387975 3.243763924 -0.005850561 0.909878075 0.024257008 -0.414124727
40.015280 -5.018469810 0.044668548 3.219097137 -0.002466745 0.910921097 0.022585103 -0.411954671
40.119140 -5.050215721 0.044432528 3.185771942 -0.004839721 0.910807073 0.022890748 -0.412168801
40.223030 -5.083964825 0.044622332 3.152787685 -0.005434540 0.910751343 0.023785578 -0.412233859
40.326930 -5.116850376 0.046676956 3.122053623 -0.007147389 0.910540819 0.023367483 -0.412696391
40.430770 -5.149229050 0.048742175 3.099322081 -0.006109522 0.911890745 0.022056079 -0.409794420
40.534990 -5.180670738 0.050275274 3.070942879 -0.008225644 0.911699414 0.022829188 -0.410140544
40.638670 -5.212542534 0.049629942 3.045098782 -0.008072248 0.911651254 0.023236532 -0.410227865
40.742540 -5.246335030 0.049081795 3.006951332 -0.009202179 0.910355031 0.024415895 -0.413004756
40.846410 -5.276355267 0.047736011 2.975390434 -0.013980779 0.909195244 0.026472764 -0.415292293
40.950400 -5.307502747 0.049229786 2.955744267 -0.011072882 0.909959078 0.024546281 -0.413822860
41.054600 -5.342885017 0.052321792 2.922936916 -0.009428910 0.909638405 0.023823055 -0.414610177
41.158230 -5.377063751 0.052790828 2.893155098 -0.006376078 0.909137905 0.026128585 -0.415625930
41.262460 -5.409943104 0.054074571 2.864870310 -0.003904082 0.908855975 0.028539388 -0.416114271
41.365930 -5.440921783 0.055163518 2.837682247 -0.004005966 0.908496737 0.028982017 -0.416866541
41.469820 -5.473574162 0.056732878 2.810369253 -0.004136928 0.908613265 0.026806958 -0.416756809
41.573580 -5.507642269 0.057734273 2.779402971 -0.005146191 0.908762217 0.025142923 -0.416524380
41.677410 -5.539500237 0.059284203 2.750825405 -0.006737932 0.908478618 0.024700571 -0.417146295
41.781210 -5.569593430 0.060998537 2.726443529 -0.006373900 0.908719540 0.025501508 -0.416578650
41.885060 -5.605389595 0.061205417 2.694115162 -0.003768281 0.908768117 0.026805192 -0.416422576
41.988800 -5.637557507 0.060752258 2.667666435 -0.003182038 0.909007251 0.027141161 -0.415883422
42.092740 -5.668765545 0.063523509 2.642591476 -0.002355412 0.909340441 0.024390923 -0.415330529
42.196450 -5.700794220 0.066187516 2.614937067 -0.004045898 0.909481108 0.024039337 -0.415029913
42.300170 -5.729948997 0.066234782 2.589937210 -0.006903178 0.909433722 0.028350065 -0.414823920
42.404080 -5.763179779 0.069390640 2.564872742 -0.004723423 0.910061002 0.028437501 -0.413470656
42.507790 -5.796892643 0.068335392 2.526325464 -0.001103609 0.909644008 0.028931910 -0.414378524
42.611550 -5.827054977 0.070035584 2.498695850 -0.000834706 0.909666240 0.027780000 -0.414409012
42.715290 -5.857884407 0.074980676 2.472423553 0.000338017 0.909888208 0.024834970 -0.414109290
42.819190 -5.885297775 0.075703867 2.447141886 -0.000882567 0.909648657 0.025203027 -0.414612293
42.922920 -5.915318489 0.074141733 2.423030376 -0.002706490 0.909561098 0.026361438 -0.414724320
43.026850 -5.943305969 0.075071894 2.397215366 -0.003879384 0.909137011 0.026791740 -0.415616512
43.130550 -5.982152939 0.076424003 2.361947536 -0.005259214 0.909441948 0.027398005 -0.414893925
43.234430 -6.010846138 0.077724397 2.338086128 -0.005261334 0.909398854 0.027602330 -0.414974868
43.338330 -6.040445328 0.080802366 2.315210819 -0.001531926 0.909758687 0.025169941 -0.414370894
43.442050 -6.068176270 0.080778018 2.292795181 -0.002634610 0.909359813 0.025940849 -0.415192574
43.545910 -6.103425980 0.080895036 2.257769823 -0.005846103 0.909051180 0.026530067 -0.415797979
43.649770 -6.136862755 0.082398318 2.233901262 -0.003037587 0.909629762 0.025209429 -0.414643198
43.753650 -6.163889408 0.083162524 2.206988096 -0.003117130 0.908912361 0.026129564 -0.416156024
43.857500 -6.192865372 0.086046375 2.188148737 -0.000171661 0.909476161 0.024455259 -0.415036231
43.961280 -6.219326973 0.088021129 2.169629097 -0.000883913 0.909514248 0.022409452 -0.415067375
44.065190 -6.249724388 0.088433839 2.144764423 -0.002970224 0.909470141 0.021078682 -0.415223926
44.169050 -6.282151222 0.085933603 2.107080936 -0.004778256 0.908867896 0.022048898 -0.416473478
44.272790 -6.313637733 0.086563356 2.077665806 -0.005583447 0.908314347 0.023593381 -0.417584926
44.376660 -6.339798927 0.085711822 2.055997133 -0.005339950 0.908382893 0.025064223 -0.417353272
44.480540 -6.370018005 0.092094943 2.032754183 -0.005354031 0.908847630 0.022000141 -0.416513264
44.584310 -6.398552418 0.092651144 2.013015270 -0.004622611 0.909405053 0.021237148 -0.415343285
44.688220 -6.426928997 0.089325994 1.983994007 -0.006779104 0.908567786 0.023957092 -0.416994810
44.792180 -6.453862190 0.091311261 1.961433172 -0.009406815 0.908752561 0.023625817 -0.416559875
44.895870 -6.480497360 0.090165734 1.940439939 -0.008531752 0.908553362 0.024819832 -0.416943580
44.999710 -6.507511139 0.091042086 1.921362162 -0.005429723 0.909471333 0.022960907 -0.415096551
45.103550 -6.538920879 0.092678294 1.881951332 -0.006312782 0.908292651 0.024109952 -0.417592198
45.207330 -6.562972546 0.093190990 1.852043152 -0.003940677 0.907426834 0.025019422 -0.419446051
45.311220 -6.584549904 0.092539504 1.838455915 -0.002946387 0.907834888 0.026000589 -0.418510646
45.415240 -6.609576225 0.092947468 1.817347527 -0.000335983 0.908138394 0.025756095 -0.417876929
45.518940 -6.633743286 0.092589736 1.798197985 0.002118555 0.908480942 0.025643338 -0.417133451
45.622980 -6.663031578 0.095050871 1.775024176 -0.000391993 0.908605218 0.026643498 -0.416805118
45.726540 -6.678115368 0.096679628 1.763491154 0.002629464 0.909370720 0.024666637 -0.415246308
45.831090 -6.700684547 0.096614257 1.745241165 0.002872824 0.909511507 0.025094718 -0.414910614
45.934310 -6.742343903 0.099940985 1.710974932 -0.001138109 0.909820139 0.025786549 -0.414199322
46.038180 -6.767331123 0.102160372 1.690643072 -0.002622143 0.910582125 0.024695363 -0.412581503
46.142050 -6.785520554 0.102032952 1.673230886 0.000437353 0.911464870 0.023040131 -0.410731852
46.245920 -6.805568695 0.101883493 1.655885458 0.002303788 0.913063884 0.022178361 -0.407206535
46.349680 -6.828089714 0.102869526 1.635112286 0.002652330 0.915215373 0.021585139 -0.402377784
46.453430 -6.837701797 0.101743370 1.620131254 0.003091779 0.916783154 0.022546409 -0.398736477
46.557220 -6.867730141 0.106113032 1.600868940 0.005256854 0.920935392 0.020351138 -0.389148057
46.660970 -6.882986546 0.112693824 1.583658934 0.004193805 0.923761487 0.016532587 -0.382588297
46.764550 -6.901496887 0.107888415 1.560057878 0.009447741 0.927370727 0.017801017 -0.373600602
46.868310 -6.918025970 0.105569154 1.540145397 0.012566675 0.931332290 0.018637823 -0.363476068
46.971930 -6.935841560 0.104959287 1.517296791 0.011700399 0.935769796 0.020722216 -0.351807624
47.075560 -6.952953815 0.103461891 1.492120743 0.011482121 0.940853357 0.021797096 -0.337917149
47.179170 -6.968758583 0.106373593 1.481024981 0.007909567 0.946380377 0.024421616 -0.322032899
47.282920 -6.981196404 0.109481879 1.458896637 0.007547124 0.951639354 0.024037499 -0.306182683
47.386540 -6.991363525 0.108392693 1.435174465 0.006082912 0.957015872 0.026147863 -0.288790435
47.490160 -6.996404648 0.105872259 1.419885159 0.004840351 0.962222993 0.029316375 -0.270636290
47.593870 -7.002828598 0.105770066 1.406944990 0.006106011 0.968095779 0.030510584 -0.248640969
47.697410 -7.011948109 0.103979506 1.393188477 0.000818938 0.973999083 0.032013085 -0.224277332
47.801160 -7.020595551 0.107770644 1.379580379 -0.005641819 0.979350924 0.029974388 -0.199853465
47.904910 -7.031222343 0.112643078 1.358860493 -0.010152516 0.983854413 0.030429851 -0.176072106
48.008600 -7.033968449 0.113368280 1.330370188 -0.004290493 0.987793267 0.026994092 -0.153353646
48.112290 -7.035087109 0.112152040 1.298724771 -0.006163457 0.990955472 0.028908983 -0.130895108
48.216060 -7.040876865 0.114491180 1.272308826 -0.005248000 0.994179368 0.027547147 -0.104023904
48.319780 -7.055132389 0.118556544 1.246664047 -0.008018496 0.996599615 0.027519446 -0.077250116
48.423630 -7.054824352 0.119824283 1.229906678 -0.005647094 0.998195708 0.028575609 -0.052506179
48.527420 -7.046368599 0.116255924 1.219376445 -0.006860338 0.998968065 0.033827122 -0.029519577
106.741000 0.007180767 0.006235979 -0.236730531 -0.000364019 -0.050088156 -0.005049891 0.998731971
107.260700 0.002508050 0.008873941 -0.187713042 0.001879590 -0.058218170 -0.009753913 0.998254478
107.364700 0.065273121 0.016330026 -0.099804521 0.009402666 -0.080476917 -0.035094973 0.996094048
107.468800 0.125622228 0.023825774 -0.006650208 0.020357817 -0.102241278 -0.060890675 0.992685556
107.572800 0.172182411 0.024741901 0.049553551 0.023678521 -0.118492797 -0.065877482 0.990484178
107.676800 0.209331274 0.020463372 0.036490984 0.023760082 -0.125423431 -0.066933580 0.989557624
107.780900 0.240256861 0.010455593 0.016741168 0.020702984 -0.132531628 -0.066954441 0.988698065
107.885000 0.249633878 0.003860642 0.010503341 0.018964548 -0.131778762 -0.070398778 0.988594294
107.989000 0.244666487 0.003322954 0.016962331 0.018529164 -0.128255546 -0.061185595 0.989678502
108.093000 0.244699523 0.002746178 0.020633638 0.018468071 -0.127666935 -0.058519151 0.989916980
108.197100 0.241442561 0.000405853 0.033065923 0.017900169 -0.126594394 -0.055147301 0.990258634
108.301100 0.250264913 -0.000542925 0.028598558 0.016040845 -0.132080466 -0.046328712 0.990025818
108.405100 0.250354588 -0.001431559 0.030398414 0.014556821 -0.130561471 -0.045910381 0.990269661
108.509100 0.246459484 -0.002698611 0.041095477 0.015580870 -0.128000081 -0.047564153 0.990510404
108.613000 0.244549379 -0.001920397 0.047686458 0.017171877 -0.125610918 -0.046709310 0.990830600
108.717000 0.244219556 -0.004922572 0.054259080 0.016146678 -0.124279901 -0.048248719 0.990941882
108.821000 0.245180324 -0.005895068 0.059111219 0.015797952 -0.122705571 -0.047675602 0.991171420
108.925000 0.246294752 -0.007270386 0.064260423 0.014812463 -0.121335968 -0.047260504 0.991375089
109.028800 0.248060986 -0.008354442 0.070928268 0.014899099 -0.121045031 -0.047104873 0.991416812
109.132800 0.248503089 -0.009301968 0.078037761 0.013599773 -0.120121077 -0.046539441 0.991574526
109.236800 0.245896757 -0.009128521 0.085057236 0.013182996 -0.116127439 -0.044457205 0.992151320
109.340700 0.235293582 -0.007261978 0.101114921 0.014903038 -0.110202983 -0.044162050 0.992815673
109.444700 0.229592547 -0.006380536 0.115114108 0.015416459 -0.107196398 -0.045002479 0.993099213
109.548600 0.225272462 -0.006317595 0.125910923 0.015485716 -0.104224063 -0.044539809 0.993435323
109.652600 0.223546803 -0.008710747 0.135937721 0.015196728 -0.101688989 -0.046530697 0.993611276
109.756500 0.224633053 -0.009822906 0.144463658 0.014456972 -0.101100974 -0.046706911 0.993674040
109.860500 0.225582570 -0.008829712 0.148655444 0.013719981 -0.098945774 -0.044587389 0.993998706
109.964400 0.222000748 -0.011059255 0.158953682 0.012454197 -0.097631499 -0.042478841 0.994237661
110.068200 0.219125867 -0.010252704 0.170804858 0.014540737 -0.096887089 -0.040535066 0.994363308
110.172100 0.216370463 -0.009463973 0.185750395 0.017289994 -0.096446149 -0.042201072 0.994292855
110.276000 0.213901386 -0.009400261 0.197130814 0.017902439 -0.094049104 -0.045390215 0.994371176
110.380000 0.212482750 -0.010489924 0.204430878 0.016786767 -0.090418719 -0.047834396 0.994612753
110.484000 0.209858805 -0.012020557 0.216603473 0.016131010 -0.086001940 -0.046988476 0.995055556
110.587800 0.212835893 -0.013691070 0.223363340 0.015278676 -0.083453551 -0.042097729 0.995504797
110.691700 0.211487412 -0.013646587 0.235205844 0.015308408 -0.082345180 -0.033803727 0.995912790
110.795600 0.210857242 -0.013783816 0.246799439 0.016688319 -0.085085906 -0.030151710 0.995777488
110.899200 0.212013677 -0.018114608 0.258041203 0.016565360 -0.092373230 -0.031914294 0.995074987
111.002900 0.211084098 -0.018938951 0.270701408 0.017620217 -0.101283148 -0.033577818 0.994134665
111.106600 0.201081738 -0.022695646 0.284506738 0.019080745 -0.108784229 -0.040063608 0.993074417
111.210200 0.190954670 -0.019697247 0.300610691 0.020116864 -0.117665417 -0.036096193 0.992193162
111.314000 0.186858416 -0.019596815 0.309485078 0.020661669 -0.127149731 -0.041504979 0.990799367
111.417700 0.185956061 -0.016782966 0.316699952 0.017401610 -0.139025658 -0.037505772 0.989425242
111.521300 0.180763081 -0.020222491 0.328878820 0.014435721 -0.151006058 -0.045391046 0.987384677
111.625100 0.174580321 -0.019675691 0.340194225 0.013151116 -0.163768768 -0.050331127 0.985126197
111.728700 0.171117574 -0.019228986 0.348080933 0.012788910 -0.176587835 -0.053158257 0.982765198
111.832500 0.161416396 -0.020534335 0.360739321 0.010839581 -0.185906053 -0.056214277 0.980898261
111.936400 0.159599364 -0.016288623 0.371899396 0.009953569 -0.197914347 -0.051413588 0.978819430
112.040200 0.156552136 -0.015860837 0.380827129 0.007492277 -0.205238193 -0.050185803 0.977395773
112.144200 0.158729285 -0.019017056 0.385881186 0.004418335 -0.211539000 -0.054338560 0.975847840
112.248300 0.156578124 -0.018725313 0.392152727 0.005265948 -0.212061673 -0.061186850 0.975324690
112.352500 0.149686247 -0.019404523 0.401136547 0.004532221 -0.208170161 -0.060799588 0.976190567
112.456700 0.142965823 -0.020010106 0.411896914 0.003923357 -0.202614725 -0.058925807 0.977476120
112.561000 0.139012665 -0.019644205 0.419683784 0.002527110 -0.197526962 -0.056728192 0.978651404
112.665100 0.136719152 -0.021470161 0.428736359 0.001478049 -0.193162486 -0.056512550 0.979536831
112.769200 0.137464792 -0.020060498 0.435668170 0.001631060 -0.189186186 -0.056708574 0.980301023
112.873300 0.137723789 -0.022989381 0.441579282 0.001459622 -0.184779152 -0.059757177 0.980960548
112.977500 0.136765853 -0.021807745 0.444016874 0.002586069 -0.180417791 -0.060104169 0.981748521
113.081600 0.136548698 -0.023182807 0.447521776 0.002293373 -0.176602200 -0.058364373 0.982547700
113.185700 0.136027947 -0.023290046 0.449453145 0.002761607 -0.174050435 -0.057778966 0.983036339
113.289700 0.134008646 -0.022598226 0.453208417 0.004094917 -0.172423705 -0.058020934 0.983304083
113.393700 0.135725707 -0.024150711 0.451593876 0.003905476 -0.171436235 -0.057944380 0.983482003
113.497700 0.133914575 -0.024433140 0.453883708 0.004913351 -0.171692103 -0.059983354 0.983310580
113.601700 0.135460794 -0.023356142 0.452950716 0.006957892 -0.171920881 -0.061564755 0.983160496
113.705700 0.136205733 -0.022831224 0.452364206 0.010143753 -0.171836555 -0.062084153 0.983114898
113.809700 0.133327723 -0.023710012 0.452066123 0.011596914 -0.170019120 -0.061181355 0.983471334
113.913600 0.131643414 -0.023402441 0.452796251 0.010382610 -0.169750661 -0.061313178 0.983523071
114.017600 0.133113399 -0.022980073 0.452985525 0.008781414 -0.171332881 -0.058646683 0.983426929
114.121600 0.134520322 -0.023675770 0.453121185 0.009126192 -0.172012880 -0.060541697 0.983190179
114.225600 0.134358361 -0.024761569 0.451603115 0.008658950 -0.170729503 -0.060599081 0.983414590
114.329600 0.134048641 -0.023914399 0.451652557 0.008885342 -0.170614436 -0.061211724 0.983394563
