1305031103.111240 -0.005067416 0.023922278 0.121361829 -0.002535993 -0.007256897 0.001922855 0.999968588
1305031103.143318 -0.004153864 0.024665432 0.130041912 -0.004408668 -0.007688420 0.003383864 0.999954998
1305031103.175452 -0.001250673 0.035371847 0.149376273 -0.001459670 -0.008341865 0.004080238 0.999955833
1305031103.211220 -0.003248977 0.042035419 0.156403497 -0.004102214 -0.007492932 0.005030053 0.999950886
1305031103.243216 -0.004573833 0.035776857 0.150139153 -0.014688499 -0.006340617 0.009113965 0.999830484
1305031103.275370 -0.010284374 0.037335835 0.154655591 -0.023345347 -0.006843496 0.012931511 0.999620378
1305031103.311210 -0.008776059 0.038973361 0.173975036 -0.028359156 -0.017314682 0.011296975 0.999383986
1305031103.343223 -0.003273897 0.040453229 0.175987780 -0.028458718 -0.023146685 0.010963506 0.999266803
1305031103.375327 -0.001774189 0.039471783 0.176929608 -0.032180816 -0.022526005 0.012878713 0.999145150
1305031103.411260 -0.002397221 0.035094555 0.176015496 -0.035096101 -0.022071093 0.014609357 0.999033391
1305031103.443280 -0.004654709 0.031226851 0.169765577 -0.036607966 -0.023045713 0.013861054 0.998967767
1305031103.475274 -0.005014833 0.027015027 0.165498361 -0.037348501 -0.025313420 0.011702041 0.998913109
1305031103.511333 -0.004293351 0.017819487 0.150124833 -0.038034584 -0.027021395 0.010029484 0.998860657
1305031103.543444 -0.003433276 0.013338404 0.142952770 -0.034759220 -0.028759468 0.008296460 0.998947382
1305031103.575474 -0.006810584 0.013448380 0.132436320 -0.029190980 -0.028504144 0.007825512 0.999136746
1305031103.611223 -0.007630317 0.008456816 0.122776754 -0.028057747 -0.031558946 0.009381375 0.999063969
1305031103.643445 -0.008345050 0.005727608 0.112303652 -0.025116507 -0.035147965 0.009079001 0.999025226
1305031103.675523 -0.005808906 0.002637960 0.101770222 -0.022822952 -0.038491663 0.009583817 0.998952270
1305031103.711610 -0.003741902 0.000295724 0.090545885 -0.020461362 -0.040076308 0.009341352 0.998943448
1305031103.743326 -0.003897444 -0.006192378 0.078433618 -0.019397942 -0.039218739 0.008012933 0.999010205
1305031103.775342 -0.003737462 -0.006448703 0.064744487 -0.015727228 -0.038571782 0.004688837 0.999121070
1305031103.811242 -0.003319405 -0.004103391 0.058004554 -0.014897754 -0.037499961 0.001593329 0.999184310
1305031103.843251 -0.007655698 -0.002345044 0.044271410 -0.016944377 -0.035545573 -0.001134685 0.999223769
1305031103.875361 -0.008031398 -0.011218873 0.033550680 -0.024906620 -0.038580589 -0.004242063 0.998936057
1305031103.911221 -0.006280979 -0.017529987 0.020696810 -0.025142305 -0.043161783 -0.005862377 0.998734474
1305031103.943211 -0.006213554 -0.019033959 0.006509654 -0.022900606 -0.045398220 -0.007128330 0.998681009
1305031103.975373 -0.002880879 -0.024589157 -0.006309122 -0.022336960 -0.048308220 -0.007636927 0.998553455
1305031104.011232 0.002121640 -0.030132815 -0.018318022 -0.019235896 -0.049741156 -0.008659168 0.998539329
1305031104.043249 0.003608803 -0.031998325 -0.032936059 -0.012117796 -0.046561606 -0.010864139 0.998782814
1305031104.075425 0.006949793 -0.030239113 -0.046364784 -0.007537591 -0.042757779 -0.013186505 0.998969972
1305031104.111235 0.011554492 -0.036224157 -0.057402384 -0.005831948 -0.038348641 -0.014218007 0.999146223
1305031104.143230 0.007944106 -0.038191058 -0.071287930 -0.000692189 -0.031277519 -0.015426620 0.999391437
1305031104.175424 0.006219472 -0.036375862 -0.080551267 0.003959840 -0.027498661 -0.016265230 0.999481678
1305031104.211283 0.006467021 -0.040477578 -0.092260599 0.007292465 -0.025068406 -0.016389916 0.999524772
1305031104.243196 0.005329556 -0.041826967 -0.105053678 0.011848770 -0.022159269 -0.016439572 0.999549031
1305031104.275546 0.007459088 -0.042377222 -0.116810463 0.016511768 -0.020141799 -0.017203739 0.999512732
1305031104.311219 0.008855988 -0.041736595 -0.127357751 0.020757385 -0.017332159 -0.016829103 0.999492645
1305031104.343342 0.010493428 -0.041530848 -0.137617558 0.023914834 -0.013711676 -0.016973916 0.999475837
1305031104.375837 0.007488344 -0.043417960 -0.152288765 0.025603130 -0.007648488 -0.017091814 0.999496818
1305031104.411509 0.004530954 -0.043624923 -0.161663830 0.026901357 -0.003139540 -0.016336292 0.999499679
1305031104.443288 -0.001397040 -0.043188665 -0.171960339 0.027426325 -0.000097303 -0.016092358 0.999494314
1305031104.475456 -0.003989758 -0.038753662 -0.171172559 0.028286684 -0.001074557 -0.015336701 0.999481618
1305031104.511329 -0.004704578 -0.041159485 -0.178259209 0.028731352 -0.003910716 -0.014276401 0.999477506
1305031104.543368 -0.003815138 -0.047695857 -0.197357148 0.030475823 -0.006038977 -0.013661537 0.999423862
1305031104.575343 0.003830503 -0.045393065 -0.192359105 0.035367683 -0.008108828 -0.012305823 0.999265671
1305031104.611336 0.011919395 -0.052075200 -0.196894780 0.043346759 -0.005877706 -0.009197880 0.999000430
1305031104.643243 0.009618085 -0.047810778 -0.210662499 0.056934085 0.002941433 -0.011104181 0.998311818
1305031104.675525 0.013264950 -0.054345164 -0.216915384 0.065430947 0.009696337 -0.008989486 0.997769535
1305031104.711277 0.013368912 -0.054127619 -0.227033913 0.079583526 0.017140735 -0.006721449 0.996658146
1305031104.743280 0.017288841 -0.053762872 -0.238124594 0.092437565 0.023084883 -0.004875075 0.995438933
1305031104.775327 0.017001765 -0.050697394 -0.241252959 0.104831040 0.030085407 -0.001553592 0.994033694
1305031104.811465 0.019635882 -0.045425873 -0.247170404 0.116513081 0.035898075 0.001248888 0.992539406
1305031104.843258 0.015541706 -0.040462982 -0.256886989 0.125608221 0.043751590 0.002427216 0.991111755
1305031104.875350 0.012714799 -0.036774289 -0.256766111 0.131174013 0.046972949 0.005276941 0.990231812
1305031104.911534 0.013180170 -0.035414048 -0.256289095 0.133161873 0.047707461 0.007586605 0.989916325
1305031104.943262 0.012308678 -0.033340160 -0.255852401 0.134362325 0.048695032 0.007789474 0.989704430
1305031104.975202 0.013571098 -0.025735892 -0.251323700 0.134826645 0.047327530 0.008979698 0.989697576
1305031105.011290 0.014742598 -0.022769086 -0.246585235 0.130609766 0.046664763 0.009689818 0.990287662
1305031105.043373 0.012806941 -0.019725967 -0.239346519 0.125510186 0.046813007 0.008232403 0.990953088
1305031105.075320 0.012887409 -0.020794962 -0.230145290 0.118179083 0.045905158 0.006512026 0.991909266
1305031105.111299 0.010492852 -0.024988297 -0.220209986 0.111346461 0.045636047 0.004502482 0.992723048
1305031105.143106 0.006765148 -0.015434969 -0.214967266 0.108034492 0.043778457 0.002819554 0.993178725
1305031105.175159 0.004361581 -0.010985184 -0.200010955 0.095780991 0.040894829 -0.000130453 0.994562030
1305031105.211268 -0.000892847 -0.019367818 -0.189902216 0.082008906 0.038417224 -0.003224557 0.995885670
1305031105.243270 -0.003548322 -0.016538734 -0.176610366 0.074573860 0.033285260 -0.004702783 0.996648729
1305031105.275288 -0.007982775 -0.013106292 -0.165738687 0.065025017 0.027998857 -0.006454892 0.997469842
1305031105.311290 -0.011351240 -0.014298961 -0.149964735 0.054201808 0.021374470 -0.007817623 0.998270631
1305031105.343302 -0.011517159 -0.018789861 -0.140663013 0.045618456 0.014770688 -0.008276796 0.998815417
1305031105.375338 -0.010964931 -0.025503758 -0.134169340 0.040302027 0.009261499 -0.008696363 0.999106765
1305031105.411286 -0.011653896 -0.019443501 -0.122303136 0.036560945 0.004743847 -0.009273522 0.999277115
1305031105.443316 -0.011812948 -0.023876367 -0.108183503 0.028728094 0.000438607 -0.010069525 0.999536455
1305031105.475280 -0.011639619 -0.024074595 -0.098279960 0.025285875 -0.003220541 -0.009777534 0.999627233
1305031105.511332 -0.008643543 -0.022880839 -0.083422035 0.020657059 -0.006975897 -0.009194660 0.999719977
1305031105.543282 -0.007896490 -0.026047450 -0.069976419 0.015576201 -0.008081124 -0.007973415 0.999814212
1305031105.575449 -0.009713399 -0.024271920 -0.058278173 0.013546718 -0.008697954 -0.008143751 0.999837220
1305031105.611378 -0.006723651 -0.028146816 -0.044447031 0.009511276 -0.010896607 -0.006967445 0.999871135
1305031105.643273 -0.009653764 -0.026173310 -0.033314344 0.010087079 -0.010173034 -0.005014128 0.999884784
1305031105.675166 -0.006844603 -0.025152417 -0.020810718 0.008440891 -0.011949934 -0.003920099 0.999885261
1305031105.711309 -0.001837571 -0.028835811 -0.007042296 0.007990953 -0.011306860 -0.003986334 0.999896228
1305031105.743312 -0.000880656 -0.022779305 0.004824534 0.011591923 -0.007600618 -0.003645622 0.999897301
1305031105.775339 0.002572564 -0.026138436 0.018398801 0.009368409 -0.004054406 -0.002889194 0.999943733
1305031105.811283 0.002507750 -0.024444718 0.031301737 0.011476599 0.001018504 -0.001815111 0.999931991
1305031105.843271 0.005483452 -0.024237063 0.043717049 0.012629216 0.003741133 -0.000571288 0.999913096
1305031105.875337 0.007604786 -0.017855790 0.055795662 0.014998964 0.008236786 0.001755575 0.999852061
1305031105.911262 0.008102972 -0.015332678 0.067390338 0.012603614 0.012143700 0.007145265 0.999821305
1305031105.943272 0.008948239 -0.010769666 0.078805387 0.011006874 0.015076796 0.009848225 0.999777257
1305031105.975329 0.009050846 -0.008941217 0.090890244 0.006485403 0.017254576 0.011066856 0.999768853
1305031106.011285 0.010349680 -0.005328196 0.102208130 0.003060485 0.019114600 0.013031458 0.999727666
1305031106.043355 0.008861089 -0.003130973 0.112075716 -0.001446188 0.021878909 0.014222161 0.999658406
1305031106.075330 0.007524824 0.000475386 0.122627072 -0.004581764 0.023224993 0.015959419 0.999592364
1305031106.111327 0.006354159 0.005364374 0.132202297 -0.008786366 0.023313720 0.016812967 0.999548197
1305031106.143355 0.004072728 0.006938331 0.142463431 -0.015187597 0.022635145 0.019158803 0.999444842
1305031106.175534 0.004016938 0.007879444 0.150663704 -0.019390920 0.020712510 0.020269290 0.999391913
1305031106.211275 0.004071960 0.007220977 0.159353197 -0.023239166 0.018831717 0.021237932 0.999326885
1305031106.243267 0.002995629 0.009465327 0.165612921 -0.022839259 0.017583592 0.024578063 0.999282300
1305031106.276385 0.001982681 0.014291992 0.171570450 -0.022883898 0.016105296 0.025521291 0.999282539
1305031106.311238 0.002879987 0.016537635 0.176190123 -0.026575560 0.014113155 0.029136470 0.999122441
1305031106.343258 0.001269546 0.023431033 0.179675892 -0.029384442 0.013480428 0.029299226 0.999047756
1305031106.375388 0.004736538 0.023321040 0.182219401 -0.039097488 0.012263265 0.022154493 0.998914540
1305031106.411320 0.006564975 0.016396023 0.183597833 -0.048132237 0.016709378 0.016942386 0.998557448
1305031106.443278 0.001793922 0.014200679 0.182426929 -0.049347796 0.022869147 0.012481169 0.998441815
1305031106.475345 -0.000471612 0.012048645 0.178514734 -0.049577106 0.022800468 0.011076843 0.998448551
1305031106.511129 -0.001963820 0.007752965 0.173461556 -0.049070347 0.019673649 0.010610274 0.998545170
1305031106.543302 -0.001159768 0.006414574 0.165272519 -0.045619469 0.015131904 0.009339275 0.998800576
1305031106.575282 -0.001242623 0.005050291 0.155750856 -0.042614814 0.013322716 0.008498910 0.998966575
1305031106.611151 -0.002507830 0.004589390 0.145708352 -0.042122126 0.010455658 0.005382814 0.999043226
1305031106.643207 -0.002769276 -0.000029455 0.135706276 -0.042860791 0.007781772 0.002816688 0.999046803
1305031106.675279 -0.006258495 0.000828259 0.124211572 -0.039501354 0.005988937 0.002449100 0.999198556
1305031106.711508 -0.009041717 -0.003349388 0.111586720 -0.042322703 0.001141210 0.001404486 0.999102354
1305031106.743341 -0.009650407 -0.004819760 0.098469816 -0.040446103 -0.005364870 0.001451433 0.999166250
1305031106.775390 -0.008051706 -0.007189078 0.084630519 -0.040043097 -0.012146691 0.000983777 0.999123633
1305031106.811289 -0.008900043 -0.005451964 0.071073338 -0.038944669 -0.015511137 0.000289627 0.999120951
1305031106.843416 -0.008890524 -0.014297712 0.058106568 -0.042164374 -0.019571839 -0.001659682 0.998917580
1305031106.875905 -0.005931156 -0.018046483 0.042977206 -0.037127614 -0.023138458 -0.005251642 0.999028802
1305031106.911243 -0.006490057 -0.014436748 0.027176607 -0.031647205 -0.022030121 -0.009686105 0.999209344
1305031106.943439 -0.005442172 -0.020637998 0.013567643 -0.031545233 -0.021518312 -0.013921437 0.999173701
1305031106.975547 -0.003407141 -0.027567625 -0.001297303 -0.027434288 -0.020397659 -0.016674910 0.999276340
1305031107.011576 -0.006905007 -0.021015022 -0.020427439 -0.018105540 -0.015872031 -0.020840131 0.999492824
1305031107.043281 -0.007469977 -0.026523897 -0.033739470 -0.019729389 -0.013250815 -0.022934994 0.999454439
1305031107.075432 -0.010328556 -0.031505801 -0.048152562 -0.015915660 -0.011609279 -0.023793476 0.999522805
1305031107.111229 -0.010711937 -0.027610039 -0.061403401 -0.009358555 -0.011992170 -0.025015462 0.999571323
1305031107.143260 -0.008643347 -0.026720135 -0.074759044 -0.007211821 -0.011686088 -0.025098320 0.999590695
1305031107.175399 -0.007374398 -0.033074204 -0.085685141 -0.006698910 -0.010571518 -0.025916005 0.999585807
1305031107.211358 -0.005062127 -0.037441429 -0.097854286 -0.001291774 -0.008974168 -0.027536178 0.999579668
1305031107.243378 -0.003170936 -0.038405355 -0.111855932 0.004477853 -0.006472355 -0.027008925 0.999604225
1305031107.275398 -0.001513405 -0.042044062 -0.122316971 0.009160941 -0.003500623 -0.026751958 0.999593973
1305031107.311226 -0.001452818 -0.045511939 -0.131690726 0.015954169 0.000337445 -0.027673636 0.999489665
1305031107.343509 0.000806796 -0.049881924 -0.143688083 0.026168955 0.003726763 -0.028264519 0.999250889
1305031107.375413 0.002274556 -0.044179108 -0.151673883 0.036587909 0.008370808 -0.027431143 0.998918772
1305031107.411271 0.004857832 -0.045304336 -0.159119532 0.042648654 0.012652501 -0.028017033 0.998617053
1305031107.443419 0.006691274 -0.042095818 -0.164341763 0.048789304 0.017126106 -0.027582981 0.998281240
1305031107.475377 0.008713771 -0.042353705 -0.167347252 0.051754814 0.021371502 -0.026578339 0.998077333
1305031107.511352 0.009492134 -0.036669828 -0.171870261 0.054836303 0.025304647 -0.025803005 0.997841120
1305031107.543605 0.011834670 -0.036722071 -0.171572402 0.052372377 0.027754249 -0.023674710 0.997961104
1305031107.575454 0.015051493 -0.041075394 -0.170843765 0.051145595 0.028956754 -0.020662246 0.998057485
1305031107.611271 0.016330982 -0.034460321 -0.170465842 0.053236380 0.030324517 -0.018987238 0.997940779
1305031107.643323 0.018454596 -0.033960111 -0.167892069 0.050048325 0.031194236 -0.017799519 0.998100817
1305031107.675568 0.016685829 -0.033896096 -0.166436076 0.048809409 0.032369457 -0.017353509 0.998132646
1305031107.711307 0.015816281 -0.030156445 -0.164644986 0.048331108 0.032392889 -0.016477222 0.998169959
1305031107.743538 0.013509532 -0.026745727 -0.163265809 0.045645054 0.031700667 -0.015899073 0.998328030
1305031107.775802 0.013653155 -0.028316341 -0.160859674 0.042198986 0.028981438 -0.017533930 0.998534858
1305031107.811596 0.017135747 -0.024658693 -0.155383572 0.040983628 0.025792800 -0.016967695 0.998682737
1305031107.843332 0.018563477 -0.023941256 -0.153688923 0.038428433 0.025230374 -0.017448477 0.998790383
1305031107.875358 0.023142789 -0.027747076 -0.151700124 0.036580734 0.025453283 -0.020821264 0.998789489
1305031107.911541 0.026867129 -0.027258553 -0.148677170 0.037761848 0.028023606 -0.023169221 0.998624980
1305031107.943122 0.032400083 -0.028909244 -0.147454947 0.039270233 0.030836396 -0.023402829 0.998478472
1305031107.975807 0.039014794 -0.030104496 -0.144859344 0.041577071 0.034623686 -0.023094429 0.998268127
1305031108.011320 0.047409978 -0.028976731 -0.142839000 0.045681868 0.038697314 -0.024366066 0.997908831
1305031108.043418 0.061053298 -0.030380234 -0.143505394 0.046953782 0.043227963 -0.022378219 0.997710347
1305031108.075352 0.068926968 -0.031031989 -0.136970311 0.048480906 0.052085958 -0.016352735 0.997331083
1305031108.111378 0.074475341 -0.033746079 -0.135776952 0.050297927 0.058618203 -0.016658448 0.996873379
1305031108.143334 0.085966602 -0.027915500 -0.131397337 0.054338969 0.061584886 -0.015497098 0.996501088
1305031108.176058 0.096493177 -0.023796007 -0.132491618 0.053503465 0.064326786 -0.012036989 0.996420920
1305031108.211475 0.106763616 -0.026228663 -0.128049836 0.048075017 0.065493576 -0.012342204 0.996617794
1305031108.243347 0.121361174 -0.034107845 -0.127715468 0.044874236 0.067182869 -0.014458065 0.996626198
1305031108.275358 0.130375996 -0.027144253 -0.124663331 0.047225181 0.071730889 -0.013708592 0.996211112
1305031108.311332 0.133636236 -0.021790737 -0.119635925 0.045383021 0.074126780 -0.012700448 0.996134698
1305031108.343278 0.140242919 -0.020523811 -0.115393884 0.040006418 0.073656455 -0.011191474 0.996418059
1305031108.375410 0.146109581 -0.018255005 -0.111993194 0.035559736 0.071768187 -0.006389419 0.996766746
1305031108.411361 0.158996135 -0.020561935 -0.110359423 0.029732492 0.066593513 -0.000130207 0.997337103
1305031108.443610 0.174018010 -0.017970407 -0.109302290 0.026372738 0.063171193 0.007225881 0.997627974
1305031108.475471 0.186124504 -0.020686958 -0.107282050 0.022905525 0.061715785 0.014087138 0.997731447
1305031108.511378 0.203998730 -0.025573213 -0.105254397 0.021950470 0.062339094 0.018763296 0.997637153
1305031108.543737 0.214669302 -0.030648977 -0.106005967 0.024292998 0.069489382 0.017215524 0.997138262
1305031108.575414 0.224081367 -0.022326143 -0.106784947 0.030433876 0.074519046 0.016003069 0.996626556
1305031108.611407 0.236878082 -0.022530820 -0.104886770 0.029873542 0.079470977 0.017079452 0.996243060
1305031108.643303 0.244972944 -0.019079544 -0.104996987 0.030919740 0.085372277 0.018851230 0.995690763
1305031108.675375 0.260488898 -0.014268275 -0.106190026 0.029425915 0.087964602 0.022852371 0.995426536
1305031108.711411 0.269379586 -0.016471663 -0.103114679 0.024805186 0.095514499 0.028063016 0.994723141
1305031108.743502 0.273399591 -0.019701578 -0.101764277 0.022203255 0.101619281 0.029157732 0.994148076
1305031108.775493 0.281567872 -0.017203376 -0.102415174 0.022124175 0.104555957 0.031703714 0.993767321
1305031108.811244 0.284480304 -0.019345114 -0.102361456 0.019836394 0.108103372 0.036735620 0.993262649
1305031108.843264 0.284856230 -0.020707922 -0.101154201 0.020586489 0.108814567 0.042539522 0.992938042
1305031108.876515 0.285395503 -0.019616140 -0.101855949 0.023115488 0.106068693 0.048422597 0.992910028
1305031108.911364 0.285811037 -0.024210937 -0.102879167 0.024606809 0.102578036 0.053401884 0.992985606
1305031108.943243 0.283302665 -0.024645343 -0.107154079 0.029480852 0.099225007 0.054638423 0.993126333
1305031108.975268 0.277887553 -0.020298002 -0.112659618 0.034299202 0.094076194 0.051389612 0.993645966
1305031109.011269 0.280735821 -0.019813769 -0.114001870 0.033888735 0.088436544 0.050494596 0.994223714
1305031109.043277 0.273281991 -0.020305641 -0.114545062 0.034737792 0.088541947 0.048149701 0.994301379
1305031109.075410 0.264792442 -0.014926314 -0.117397398 0.034602609 0.086861886 0.042529900 0.994710445
1305031109.111282 0.259367317 -0.017668534 -0.117954731 0.029693283 0.085224047 0.039400060 0.995139599
1305031109.143334 0.242143869 -0.021581223 -0.115271606 0.027696481 0.084738836 0.035116401 0.995398939
1305031109.175464 0.234669968 -0.015526760 -0.117465973 0.029513305 0.077446528 0.032143265 0.996041059
1305031109.211379 0.228403375 -0.005214143 -0.118315689 0.027642565 0.071555369 0.034164745 0.996468008
1305031109.243290 0.215650067 -0.006778190 -0.115719125 0.018678633 0.069464721 0.039904680 0.996610940
1305031109.275308 0.203939274 -0.017883288 -0.116989963 0.013103246 0.065914683 0.043309774 0.996798813
1305031109.311329 0.185441568 -0.012109521 -0.114185363 0.018081533 0.059687365 0.044557527 0.997058213
1305031109.343248 0.170526654 -0.007773219 -0.113666229 0.016620496 0.051513042 0.042503405 0.997628987
1305031109.375397 0.165133774 -0.009593975 -0.116497301 0.013443569 0.040593751 0.042092279 0.998198211
1305031109.411329 0.152761266 -0.009551880 -0.118858792 0.012390597 0.034146715 0.037823200 0.998623967
1305031109.443302 0.142015621 -0.006502049 -0.120368406 0.009491319 0.029030103 0.031467374 0.999038041
1305031109.475363 0.128728345 -0.009282674 -0.117623031 0.005713683 0.028511172 0.028481606 0.999171257
1305031109.511273 0.119419016 -0.010128356 -0.119230829 0.006153124 0.026709598 0.025230056 0.999305844
1305031109.543294 0.107630506 -0.008672198 -0.123443164 0.009274842 0.025443513 0.022497844 0.999380052
1305031109.575362 0.095394120 -0.005830870 -0.125136971 0.010367514 0.025683565 0.022238476 0.999368966
1305031109.611310 0.081823692 -0.006866107 -0.127017304 0.009509499 0.025029527 0.019870287 0.999443948
1305031109.643229 0.072736204 -0.002824659 -0.126936108 0.010156367 0.023385588 0.019413233 0.999486446
1305031109.675263 0.057404503 -0.000969282 -0.129671991 0.008279199 0.024432816 0.021004763 0.999446511
1305031109.711312 0.045382835 0.000147991 -0.129362002 0.005566230 0.021391183 0.020288339 0.999549806
1305031109.743274 0.033807941 0.000579950 -0.128068671 0.000973505 0.018769918 0.019729093 0.999628663
1305031109.775277 0.024174625 0.001384967 -0.125491723 -0.001493238 0.016779862 0.019897519 0.999660075
1305031109.811371 0.015510378 0.002758323 -0.124585904 -0.003667326 0.014316702 0.019394286 0.999702692
1305031109.843296 0.003660228 0.003509422 -0.123338722 -0.006911863 0.012137903 0.018571492 0.999729991
1305031109.875306 -0.010397865 0.003262735 -0.121150263 -0.010853151 0.009677382 0.016864982 0.999752045
1305031109.911265 -0.024591601 0.001435391 -0.116486557 -0.012407123 0.005473590 0.011017234 0.999847353
1305031109.943299 -0.033886284 0.007980495 -0.113353811 -0.012465715 0.001674946 0.007708845 0.999891162
1305031109.975258 -0.046274982 0.007583099 -0.111144803 -0.016827086 -0.000101963 0.002301625 0.999855757
1305031110.011256 -0.058827646 0.008358598 -0.108385421 -0.019026689 -0.001686877 -0.004666438 0.999806643
1305031110.043299 -0.068702981 0.007251651 -0.106693141 -0.022317283 -0.002889713 -0.011462262 0.999681056
1305031110.075319 -0.079646058 0.011357123 -0.101533666 -0.023017026 -0.003024000 -0.016555833 0.999593377
1305031110.111325 -0.092702195 0.013025759 -0.099074602 -0.026839986 -0.003208171 -0.022289852 0.999386072
1305031110.143432 -0.104203209 0.010328118 -0.096175589 -0.028718816 -0.006347759 -0.026139187 0.999225557
1305031110.175641 -0.116009548 0.015958698 -0.095567055 -0.028754376 -0.008603822 -0.027104003 0.999181926
1305031110.211637 -0.125983328 0.012392683 -0.092940956 -0.033930119 -0.011522763 -0.029483639 0.998922765
1305031110.243323 -0.135587513 0.010296419 -0.091431223 -0.034847341 -0.015521519 -0.029083604 0.998848796
1305031110.279321 -0.140393451 0.008498292 -0.089763336 -0.033736959 -0.020038238 -0.030440822 0.998766065
1305031110.311404 -0.151706561 0.009994405 -0.090065606 -0.030779542 -0.022469938 -0.032570634 0.998742640
1305031110.343355 -0.160678536 0.012783511 -0.089667767 -0.029218595 -0.027252061 -0.033043470 0.998654962
1305031110.379281 -0.170823157 0.013667306 -0.088978186 -0.028024554 -0.032625731 -0.037041221 0.998387754
1305031110.411469 -0.183163062 0.021061128 -0.089445151 -0.025639944 -0.038287353 -0.039554685 0.998154342
1305031110.443260 -0.191957012 0.017629884 -0.094426259 -0.032341845 -0.043782350 -0.043616690 0.997564375
1305031110.479331 -0.203449264 0.015603913 -0.092217959 -0.035787646 -0.049899478 -0.050508283 0.996834040
1305031110.511429 -0.214175433 0.015079357 -0.091836818 -0.036925159 -0.056574292 -0.054546103 0.996223152
1305031110.543408 -0.221594796 0.021820746 -0.091977343 -0.036345448 -0.063495353 -0.057978813 0.995633364
1305031110.579426 -0.228953078 0.026344238 -0.090862870 -0.039585985 -0.069404051 -0.062341757 0.994851470
1305031110.611307 -0.238002747 0.020758379 -0.086299576 -0.045972425 -0.071088828 -0.065868959 0.994230449
1305031110.643418 -0.245693594 0.019136375 -0.085201353 -0.045019992 -0.073024772 -0.068975843 0.993923008
1305031110.679606 -0.250290424 0.024217965 -0.088664293 -0.043837201 -0.076042868 -0.070876680 0.993615746
1305031110.711412 -0.255635291 0.021083692 -0.087507315 -0.048651088 -0.077812426 -0.072106697 0.993166089
1305031110.743249 -0.261125833 0.021836024 -0.086819112 -0.048540447 -0.079088584 -0.073795207 0.992946684
1305031110.779193 -0.264037728 0.024446856 -0.085611984 -0.047728244 -0.080428481 -0.075271249 0.992767572
1305031110.811386 -0.266332299 0.024709504 -0.086160064 -0.048483741 -0.080698274 -0.076919414 0.992582738
1305031110.843218 -0.269040972 0.024795014 -0.086254083 -0.050085906 -0.082353942 -0.078969903 0.992206156
1305031110.879313 -0.266384691 0.024327483 -0.085577495 -0.050119407 -0.085762754 -0.078552149 0.991948783
1305031110.911333 -0.267236531 0.025524458 -0.084896140 -0.050574161 -0.086186372 -0.079530746 0.991810977
1305031110.943862 -0.262842536 0.026451781 -0.083892323 -0.050092563 -0.089212075 -0.080867179 0.991459787
1305031110.979345 -0.253469080 0.028035946 -0.083389699 -0.049744628 -0.090437315 -0.081018597 0.991353929
1305031111.011431 -0.242582723 0.024530210 -0.083661824 -0.052491844 -0.088703185 -0.079117887 0.991522431
1305031111.043327 -0.240438595 0.027546521 -0.082008243 -0.050111320 -0.081635378 -0.076900385 0.992426753
1305031111.079283 -0.236060381 0.031157345 -0.082393743 -0.050615020 -0.077952683 -0.074751340 0.992861390
1305031111.111508 -0.226330534 0.024906002 -0.081003383 -0.054302059 -0.077381499 -0.070499197 0.993022263
1305031111.143257 -0.220090866 0.021991773 -0.080995485 -0.053441577 -0.074134029 -0.070794925 0.993295670
1305031111.179326 -0.204085439 0.023164112 -0.080321848 -0.050054416 -0.073754467 -0.069292001 0.993606269
1305031111.211433 -0.193076879 0.022435807 -0.082775712 -0.048494622 -0.066257626 -0.064778276 0.994515955
1305031111.243236 -0.190606400 0.016463587 -0.085039072 -0.050262049 -0.061329000 -0.064426668 0.994767189
1305031111.279308 -0.174655259 0.014428850 -0.082194403 -0.046138704 -0.062187444 -0.062522396 0.995035112
1305031111.311547 -0.171560124 0.019413367 -0.088466339 -0.041182879 -0.054677542 -0.058630049 0.995930135
1305031111.343397 -0.167235523 0.024057437 -0.084590450 -0.042503167 -0.057003893 -0.059889238 0.995669246
1305031111.379134 -0.148496687 0.013546461 -0.081541955 -0.045307588 -0.063052326 -0.055048574 0.995460331
1305031111.411296 -0.145902216 0.019607948 -0.083597511 -0.038133897 -0.060897157 -0.055926256 0.995846152
1305031111.443386 -0.126639351 0.018135501 -0.080870479 -0.038798489 -0.069567770 -0.060244605 0.995000303
1305031111.479259 -0.098483354 0.013130425 -0.073683970 -0.036809351 -0.070922598 -0.057873998 0.995120943
1305031111.511264 -0.092057317 0.011665650 -0.078630291 -0.032948527 -0.057247903 -0.058157906 0.996119857
1305031111.543250 -0.080878414 0.004944145 -0.083123386 -0.031560212 -0.051253650 -0.057000801 0.996558011
1305031111.579237 -0.067555301 0.008291654 -0.086082086 -0.026672669 -0.042297486 -0.049160942 0.997538328
1305031111.611271 -0.069254607 0.011545770 -0.085635766 -0.025776444 -0.033959009 -0.043017175 0.998164296
1305031111.643395 -0.047130637 0.001382899 -0.081495501 -0.025600493 -0.039567318 -0.035216369 0.998267949
1305031111.679320 -0.027725935 0.003319774 -0.088251673 -0.020253172 -0.033952508 -0.026651349 0.998862743
1305031111.711760 -0.018093897 0.006625106 -0.085311010 -0.018191028 -0.026190145 -0.025062356 0.999177217
1305031111.743386 0.005805831 -0.001759703 -0.084848940 -0.017486330 -0.020639429 -0.020725476 0.999419153
1305031111.779423 0.014885659 0.005004061 -0.083990373 -0.011352735 -0.000969995 -0.015023951 0.999822199
1305031111.811406 0.015211049 0.002433149 -0.086609691 -0.009023176 0.017088993 -0.015628619 0.999691069
1305031111.843299 0.034898438 0.000578239 -0.088771589 -0.006683947 0.023025652 -0.012075325 0.999639571
1305031111.879442 0.040060584 0.004901953 -0.086800903 -0.005198421 0.031214789 -0.007930720 0.999467731
1305031111.911354 0.042771928 0.000268659 -0.085337073 -0.005624099 0.033445362 -0.002461185 0.999421656
1305031111.943300 0.057223745 0.000487724 -0.085822657 -0.003611570 0.028016862 0.005989444 0.999582946
1305031111.979449 0.076454043 0.001013406 -0.087770768 -0.002461094 0.026594691 0.013580488 0.999550998
1305031112.011433 0.092071712 -0.003203503 -0.088884488 -0.001864794 0.032778613 0.012651797 0.999380827
1305031112.043270 0.107373878 -0.006190466 -0.092905618 0.000149776 0.038814686 0.011533905 0.999179840
1305031112.079339 0.124014921 -0.004931652 -0.092566021 0.002939682 0.048211414 0.011338633 0.998768449
1305031112.111423 0.123399302 -0.003488595 -0.089689553 0.006285180 0.060457475 0.006757627 0.998128116
1305031112.144342 0.142040104 -0.002311553 -0.093085960 0.006889234 0.062595032 0.001179121 0.998014569
1305031112.179390 0.160422027 -0.001952388 -0.093354926 0.004813172 0.072619915 -0.000854555 0.997347713
1305031112.211254 0.164304733 -0.012546205 -0.091490597 0.001110334 0.084859282 -0.006678798 0.996369958
1305031112.243369 0.177645385 -0.019288680 -0.094528370 0.004611280 0.093277939 -0.011390227 0.995564282
1305031112.279353 0.178930148 -0.015981251 -0.089001589 0.011441010 0.101639539 -0.014161298 0.994654715
1305031112.311312 0.187338263 -0.020510118 -0.087209627 0.016140964 0.104234330 -0.015590004 0.994299531
1305031112.343323 0.197153851 -0.020072944 -0.088566840 0.022974040 0.104134709 -0.014584883 0.994190812
1305031112.379360 0.207260594 -0.018667106 -0.090199277 0.027772773 0.102016278 -0.010245707 0.994342148
1305031112.411442 0.220269322 -0.017489847 -0.090806477 0.030720443 0.098233245 -0.006166551 0.994670033
1305031112.443391 0.231329530 -0.020818323 -0.091240957 0.032138027 0.096432187 -0.000128610 0.994820535
1305031112.479418 0.240358710 -0.016889598 -0.093797408 0.037476711 0.093481101 0.009627119 0.994868875
1305031112.511504 0.248930812 -0.017726643 -0.094772652 0.039686076 0.089195140 0.017306041 0.995072722
1305031112.543212 0.256486118 -0.018558901 -0.093828261 0.041751273 0.086246617 0.020505469 0.995187342
1305031112.579252 0.263315767 -0.019294033 -0.095674396 0.043338396 0.083258905 0.025261072 0.995264590
1305031112.611261 0.283088982 -0.011362808 -0.097495221 0.046526492 0.078095317 0.032980800 0.995313346
1305031112.643246 0.292957485 -0.011299509 -0.098284975 0.043805540 0.082542472 0.041166078 0.994772911
1305031112.679952 0.294439554 -0.013470068 -0.097847722 0.040855139 0.089074157 0.043724500 0.994225740
1305031112.711251 0.298133612 -0.011671833 -0.097978488 0.039417103 0.092827633 0.045819562 0.993845999
1305031112.743245 0.297923476 -0.003115461 -0.096299335 0.037361857 0.096952401 0.049344562 0.993362665
1305031112.779310 0.295748442 -0.008760216 -0.093712538 0.027926514 0.101893663 0.051914249 0.993047178
1305031112.811310 0.285485536 -0.013068697 -0.092754751 0.024825839 0.104701668 0.050316982 0.992919624
1305031112.843286 0.280702740 -0.006114552 -0.090819582 0.024535174 0.100280687 0.047663368 0.993513942
1305031112.879421 0.283724546 -0.003518056 -0.090612113 0.022431847 0.094980612 0.051220484 0.993907392
1305031112.911411 0.273760676 -0.004383219 -0.089069940 0.019428845 0.094014362 0.052596934 0.993990600
1305031112.943321 0.267948568 -0.006686877 -0.089720294 0.016859423 0.088834308 0.051518992 0.994570255
1305031112.979278 0.264919430 -0.005935600 -0.090507433 0.016619928 0.082261890 0.048836924 0.995274663
1305031113.011353 0.258895814 -0.002652308 -0.092053786 0.015950195 0.079370469 0.048498359 0.995536923
1305031113.043231 0.249748170 -0.004577876 -0.089781694 0.010816250 0.079219140 0.046173833 0.995728552
1305031113.079251 0.237055123 -0.013701229 -0.090284571 0.007206937 0.078611933 0.041002434 0.996035635
1305031113.111316 0.228496134 -0.007335232 -0.093353510 0.012070396 0.072980717 0.035934441 0.996612668
1305031113.143306 0.220106959 -0.001744646 -0.094173878 0.011489570 0.070201688 0.034017682 0.996886373
1305031113.179343 0.208919451 -0.008463350 -0.095040612 0.006803656 0.069149144 0.036168594 0.996927261
1305031113.211259 0.194080263 -0.008453676 -0.096191704 0.008818930 0.065026663 0.037277862 0.997147977
1305031113.243227 0.179610401 -0.006254461 -0.097253889 0.007317288 0.060252175 0.037113342 0.997466147
1305031113.279312 0.171376243 -0.012497421 -0.096063077 0.003428500 0.053910486 0.038906716 0.997781634
1305031113.311452 0.156581104 -0.019785827 -0.097160831 0.005765445 0.048126362 0.042091943 0.997937322
1305031113.343252 0.140957177 -0.010736583 -0.098817900 0.014329041 0.039108634 0.040551014 0.998309016
1305031113.379312 0.125763834 -0.011086780 -0.100691296 0.010621648 0.031057561 0.036510188 0.998794079
1305031113.411625 0.114903823 -0.016528927 -0.098589599 0.009778990 0.023017898 0.037643470 0.998978257
1305031113.443266 0.094404124 -0.011273467 -0.098553658 0.013621056 0.019418737 0.031134237 0.999233723
1305031113.479311 0.073957853 -0.011874098 -0.101203814 0.009474189 0.016376343 0.025016209 0.999508023
1305031113.511523 0.060901929 -0.012694763 -0.099364929 0.005910769 0.010535939 0.023328824 0.999654830
1305031113.543242 0.046821035 -0.015080996 -0.098005176 0.003510904 0.004801454 0.019970231 0.999782860
1305031113.579301 0.032907672 -0.011749765 -0.098757081 0.004715367 0.000704785 0.014753067 0.999879837
1305031113.611268 0.023693653 -0.012452654 -0.096234381 0.001684415 -0.003274128 0.010176145 0.999941468
1305031113.643222 0.010983107 -0.012416159 -0.095354840 -0.001046838 -0.003063051 0.006943605 0.999970615
1305031113.679288 -0.001279282 -0.013907366 -0.095544495 -0.002739153 -0.002110479 0.003791170 0.999986827
1305031113.711931 -0.011822420 -0.013581680 -0.093101695 -0.002485546 -0.001988043 -0.001227818 0.999994159
1305031113.743590 -0.024284616 -0.012821023 -0.092955157 -0.001556398 0.001195330 -0.006833663 0.999974728
1305031113.779320 -0.035798285 -0.012713442 -0.090314239 -0.000308857 0.003680223 -0.011550859 0.999926448
1305031113.811237 -0.043662589 -0.012128375 -0.090317532 0.000636081 0.003183025 -0.012935182 0.999911070
1305031113.843295 -0.054984644 -0.010111705 -0.089205019 0.000421072 0.005432449 -0.016085761 0.999855757
1305031113.879281 -0.070590258 -0.016992105 -0.087144151 -0.000464622 0.007080232 -0.020882480 0.999756753
1305031113.911290 -0.079917975 -0.013482625 -0.087253742 0.003519002 0.005363571 -0.021025470 0.999758363
1305031113.943291 -0.089873508 -0.013164565 -0.085701831 0.006182811 0.007046539 -0.023510139 0.999679625
1305031113.979293 -0.105129555 -0.011910798 -0.082782581 0.009947333 0.010506694 -0.028868927 0.999478459
1305031114.011257 -0.118127771 -0.009965429 -0.085846901 0.013549324 0.012067773 -0.034317829 0.999246240
1305031114.043301 -0.134639308 -0.010671143 -0.085608810 0.014449686 0.010819224 -0.036677085 0.999164164
1305031114.079285 -0.149045810 -0.010616469 -0.084233850 0.016831597 0.006191404 -0.037107687 0.999150336
1305031114.111263 -0.160713702 -0.006536200 -0.082890481 0.020280629 0.000827554 -0.041108742 0.998948514
1305031114.143284 -0.170569330 -0.005693712 -0.079637028 0.020509506 -0.004680930 -0.044537760 0.998786151
1305031114.179337 -0.178788453 -0.009623922 -0.077681012 0.021759987 -0.007647745 -0.046887327 0.998633862
1305031114.211303 -0.190007180 -0.000921174 -0.077848457 0.025965607 -0.007619624 -0.049164291 0.998424053
1305031114.243337 -0.206846967 -0.002717743 -0.078030989 0.022799259 -0.008794280 -0.052701753 0.998311281
1305031114.279390 -0.220591426 -0.002929423 -0.078508742 0.022669164 -0.014075182 -0.055626541 0.998095036
1305031114.311429 -0.230037466 0.000311767 -0.075047068 0.022509798 -0.022556182 -0.055419158 0.997954547
1305031114.343331 -0.235422090 0.000789286 -0.070099950 0.021795947 -0.029548710 -0.058925256 0.997586906
1305031114.379320 -0.242338955 -0.000270096 -0.068840712 0.021542827 -0.032037761 -0.063264795 0.997249722
1305031114.411397 -0.254554272 -0.000181762 -0.067932978 0.022418754 -0.032503571 -0.067686483 0.996924996
1305031114.443345 -0.264355779 0.001081848 -0.068077333 0.022518305 -0.036462091 -0.069474861 0.996662736
1305031114.479332 -0.275796324 -0.003268450 -0.069759160 0.020183006 -0.043063097 -0.070179462 0.996400058
1305031114.511266 -0.281265527 -0.000261663 -0.067840427 0.020496441 -0.051294874 -0.072978117 0.995802641
1305031114.543236 -0.282643229 -0.001414252 -0.063202582 0.017482523 -0.056908742 -0.072055474 0.995622277
1305031114.579237 -0.286654145 -0.002431264 -0.062410273 0.016121846 -0.058164690 -0.068512052 0.995822787
1305031114.611391 -0.291910827 -0.000346393 -0.062762626 0.014203668 -0.058525700 -0.066921048 0.995939016
1305031114.644136 -0.300841689 -0.001092919 -0.059332870 0.009084738 -0.056222051 -0.066315994 0.996172011
1305031114.679251 -0.303852439 -0.003527489 -0.057666823 0.005679287 -0.063000798 -0.066983081 0.995746911
1305031114.711306 -0.304691613 -0.006313067 -0.056742467 0.004255670 -0.067970425 -0.066094354 0.995486557
1305031114.743200 -0.304425061 -0.008051626 -0.056294370 0.004685665 -0.071648449 -0.069729708 0.994978547
1305031114.779289 -0.303167403 -0.006984786 -0.058727674 0.007159279 -0.073520377 -0.073154919 0.994581223
1305031114.811303 -0.302792877 -0.003556412 -0.058027599 0.008255078 -0.072965771 -0.074315436 0.994527578
1305031114.843208 -0.301974148 -0.002641325 -0.057405036 0.008425033 -0.073303476 -0.077051587 0.994293034
1305031114.879281 -0.298319101 0.000875432 -0.057337403 0.009009181 -0.074043684 -0.076928288 0.994242609
1305031114.912879 -0.296620011 0.002940584 -0.057887234 0.008345085 -0.073794179 -0.077627696 0.994212627
1305031114.943234 -0.287913263 0.005187547 -0.056597564 0.006535142 -0.075265698 -0.078720570 0.994029939
1305031114.979280 -0.282207251 0.006229406 -0.056500208 0.004445634 -0.073127843 -0.079287454 0.994155943
1305031115.011300 -0.275735617 0.011965421 -0.055954553 0.002124110 -0.071720138 -0.080919608 0.994134665
1305031115.043508 -0.263234377 0.008529789 -0.051895980 -0.002501423 -0.071854353 -0.079665184 0.994225442
1305031115.079238 -0.254868627 0.012602806 -0.051538851 -0.002566555 -0.068662994 -0.080346294 0.994395971
1305031115.111230 -0.238020808 0.009677362 -0.047862839 -0.006614297 -0.067979395 -0.077458695 0.994653344
1305031115.143275 -0.226911306 0.006139576 -0.049797706 -0.008946434 -0.063043416 -0.074472494 0.995188057
1305031115.179440 -0.224540100 0.010886690 -0.045574166 -0.008697905 -0.053526495 -0.074272789 0.995762408
1305031115.211374 -0.205856025 0.001931693 -0.045503221 -0.012064236 -0.057951972 -0.069867849 0.995798409
1305031115.243297 -0.191634119 -0.001250864 -0.043074254 -0.008105956 -0.054092404 -0.065854855 0.996329010
1305031115.279966 -0.181349695 0.005896009 -0.040282212 -0.004378140 -0.050971892 -0.062219393 0.996750414
1305031115.311704 -0.161905348 -0.001448790 -0.035343654 -0.006733013 -0.049229331 -0.054154851 0.997295499
1305031115.343235 -0.144976363 0.001960235 -0.034173056 -0.001184639 -0.041864853 -0.051397365 0.997799695
1305031115.379166 -0.145490512 0.010415935 -0.032816123 -0.002576313 -0.032439284 -0.047771052 0.998328090
1305031115.411237 -0.132390350 0.005087364 -0.029731791 -0.010699091 -0.039261170 -0.044381682 0.998185515
1305031115.443159 -0.107929140 0.004628116 -0.028031835 -0.014209313 -0.047072310 -0.037471626 0.998087227
1305031115.479241 -0.094111674 0.005943771 -0.028315309 -0.017785275 -0.046749268 -0.031751353 0.998243451
1305031115.511253 -0.064490028 -0.001448779 -0.027002409 -0.023706136 -0.051717293 -0.025343217 0.998058677
1305031115.543604 -0.044056930 -0.004976042 -0.026367264 -0.024497313 -0.040746558 -0.018604001 0.998695910
1305031115.579315 -0.034477141 -0.005065352 -0.025455046 -0.023287596 -0.027214644 -0.012896915 0.999275088
1305031115.611424 -0.020827334 -0.004833270 -0.024506409 -0.021664567 -0.021036055 -0.007623943 0.999514878
1305031115.643254 -0.005757267 -0.005970789 -0.025808126 -0.020193253 -0.014598006 0.000412594 0.999689400
1305031115.679241 0.000687506 -0.005159969 -0.026483398 -0.017831827 -0.009585882 0.010601148 0.999738812
1305031115.711320 0.019639842 -0.002521124 -0.027568599 -0.016191054 -0.011984368 0.019686485 0.999603271
1305031115.743250 0.042125911 -0.002590498 -0.024474723 -0.015938053 -0.008689559 0.027040588 0.999469519
1305031115.779425 0.055471744 -0.004486268 -0.029945744 -0.014588657 0.001073961 0.033958390 0.999316216
1305031115.811277 0.074059807 -0.004425916 -0.032918058 -0.015139173 0.007428013 0.042429477 0.998957157
1305031115.843224 0.087905757 -0.003220631 -0.029790029 -0.016398415 0.016394693 0.050780937 0.998440623
1305031115.879198 0.095358238 -0.006273120 -0.028684832 -0.016086372 0.023799261 0.058325436 0.997884274
1305031115.911118 0.110735349 -0.000301868 -0.029161880 -0.011342473 0.025522245 0.063141957 0.997613728
1305031115.943311 0.123127475 0.000307438 -0.027466970 -0.012397508 0.031585559 0.069573984 0.996999562
1305031115.980740 0.136218131 0.005063946 -0.026443167 -0.011886276 0.035898682 0.075305283 0.996443212
1305031116.011379 0.150955066 0.004604773 -0.027301034 -0.015244058 0.044094261 0.079272382 0.995760620
1305031116.043164 0.168916777 0.006055712 -0.028427716 -0.018063163 0.051593587 0.082157575 0.995119035
1305031116.080030 0.177766412 0.013264892 -0.027069064 -0.019432349 0.061772685 0.086577892 0.994138241
1305031116.111300 0.189934134 0.012329703 -0.022211911 -0.026856678 0.070149273 0.089788869 0.993124247
1305031116.143441 0.192251354 0.011770864 -0.019021083 -0.030755820 0.081634052 0.093095809 0.991828203
1305031116.179572 0.200109959 0.013349669 -0.015777878 -0.032750614 0.087270275 0.095748439 0.991031528
1305031116.211299 0.206185445 0.013242736 -0.014594652 -0.037169758 0.093541645 0.099181779 0.989965320
1305031116.243320 0.219750419 0.004083661 -0.014296869 -0.044318959 0.098350599 0.102299638 0.988887131
1305031116.279385 0.229553699 0.006867146 -0.014349326 -0.043334246 0.106819756 0.105779126 0.987685442
1305031116.311336 0.234546632 0.009804866 -0.015181981 -0.044826459 0.115982413 0.109642386 0.986162841
1305031116.343292 0.239658698 -0.000676974 -0.014635999 -0.050647870 0.122567907 0.113477975 0.984649539
1305031116.379384 0.242649600 -0.004411717 -0.018165551 -0.046786822 0.126385912 0.113738924 0.984327734
1305031116.411333 0.241595834 0.001824672 -0.019555222 -0.040306691 0.129577562 0.116161175 0.983916461
1305031116.443369 0.245791599 0.005586173 -0.022944160 -0.041157927 0.128652081 0.126066580 0.982782722
1305031116.479850 0.245993719 0.004660500 -0.023261085 -0.040821161 0.129477844 0.129733175 0.982210994
1305031116.511205 0.245029390 0.003741224 -0.026325725 -0.039487030 0.127977714 0.126577795 0.982873619
1305031116.543262 0.241849929 0.002792362 -0.029237419 -0.037876286 0.127194569 0.122209646 0.983591259
1305031116.579313 0.226794675 0.008989491 -0.028983787 -0.034473084 0.128974959 0.118993640 0.983878851
1305031116.611261 0.216193646 0.002026236 -0.030804632 -0.037389655 0.124805339 0.112666473 0.985054255
1305031116.643355 0.200827211 0.003360728 -0.030298527 -0.034787435 0.120085262 0.102490880 0.986845970
1305031116.679281 0.190479621 0.005924011 -0.029673565 -0.033118997 0.113350205 0.093861543 0.988556981
1305031116.711634 0.184269771 0.002681641 -0.032183744 -0.035123508 0.106331833 0.083463401 0.990198851
1305031116.743291 0.167083010 0.006127792 -0.033631917 -0.034692936 0.104214147 0.072993599 0.991265714
1305031116.779298 0.155520529 0.008832173 -0.033817735 -0.035416543 0.099906899 0.062865227 0.992377043
1305031116.811318 0.135803580 0.007700706 -0.032374304 -0.035275728 0.099785753 0.054363709 0.992896259
1305031116.846089 0.119268551 0.008542370 -0.032020684 -0.033047251 0.091552630 0.046065848 0.994185030
1305031116.880165 0.105049267 0.010534490 -0.032879189 -0.033660300 0.081413180 0.039813485 0.995315909
1305031116.912044 0.091812879 0.007882283 -0.032757454 -0.034584120 0.070339262 0.034901097 0.996312320
1305031116.943296 0.078070335 0.012251301 -0.032908678 -0.033822563 0.055895716 0.027218066 0.997492313
1305031116.979351 0.063044108 0.013093591 -0.034349184 -0.032928590 0.044835459 0.016599404 0.998313546
1305031117.011382 0.039014347 0.018913802 -0.032761622 -0.029063253 0.039515555 0.006651189 0.998774052
1305031117.043261 0.029210307 0.025040682 -0.032492414 -0.027280765 0.027702250 0.000886822 0.999243498
1305031117.079520 0.008052645 0.025768079 -0.038999278 -0.029808307 0.022564221 -0.005735813 0.999284446
1305031117.111238 -0.004645059 0.024131805 -0.041432507 -0.033317015 0.012444444 -0.007134525 0.999341905
1305031117.143218 -0.016636424 0.030159118 -0.041631624 -0.033846207 0.002928174 -0.007958886 0.999391079
1305031117.179264 -0.020724917 0.030388739 -0.040423118 -0.037445642 -0.007881608 -0.012681883 0.999187112
1305031117.211361 -0.022071956 0.032568742 -0.038020425 -0.038735870 -0.016870949 -0.016266378 0.998974621
1305031117.243277 -0.023469955 0.036222823 -0.038238291 -0.041281357 -0.019844925 -0.018166605 0.998785257
1305031117.279299 -0.022796327 0.034065004 -0.036887854 -0.046643928 -0.020501908 -0.022746990 0.998442054
1305031117.311200 -0.029122759 0.030976199 -0.036411151 -0.051117118 -0.016667765 -0.024048330 0.998263955
1305031117.343243 -0.031296715 0.026617572 -0.036296498 -0.053863872 -0.016673576 -0.024685355 0.998103857
1305031117.379454 -0.032726899 0.022846356 -0.036515832 -0.053760510 -0.016449036 -0.025312506 0.998097420
1305031117.411221 -0.034528080 0.018834682 -0.036840223 -0.052849635 -0.017724162 -0.024502710 0.998144448
1305031117.443274 -0.033717413 0.016280623 -0.037314951 -0.049783811 -0.019871525 -0.023287974 0.998290718
1305031117.479403 -0.033888590 0.009389828 -0.037913077 -0.049489602 -0.020950498 -0.021445600 0.998324573
1305031117.511325 -0.035624232 0.002609230 -0.037707284 -0.046681888 -0.022154775 -0.020586262 0.998451889
1305031117.544285 -0.036403734 -0.001499920 -0.038679309 -0.041805018 -0.022769999 -0.020019246 0.998665631
1305031117.579155 -0.037937962 -0.005717922 -0.038958266 -0.038505685 -0.023958733 -0.021758463 0.998734117
1305031117.611159 -0.038150050 -0.011558705 -0.036955409 -0.037626874 -0.025918378 -0.020974297 0.998735487
1305031117.643252 -0.039021693 -0.019102015 -0.035712559 -0.036404982 -0.027845386 -0.019806035 0.998752713
1305031117.679262 -0.039756216 -0.023512162 -0.033874776 -0.035555419 -0.030468581 -0.019520419 0.998712420
1305031117.711184 -0.040043816 -0.032175705 -0.031319566 -0.036656313 -0.032866661 -0.017616380 0.998631954
1305031117.743184 -0.039771959 -0.040670458 -0.028624566 -0.036746226 -0.035392955 -0.014352866 0.998594522
1305031117.779467 -0.040485248 -0.047696989 -0.026487527 -0.036522061 -0.037633225 -0.012568193 0.998544872
1305031117.811320 -0.039435524 -0.059984881 -0.022781782 -0.039461832 -0.040172800 -0.010101175 0.998362064
1305031117.843291 -0.034249581 -0.067960382 -0.019019755 -0.037094709 -0.041999318 -0.008789491 0.998390079
1305031117.879451 -0.035670400 -0.074536525 -0.017420309 -0.035338715 -0.038280185 -0.009119768 0.998600304
1305031117.911407 -0.036161065 -0.085849561 -0.012881324 -0.036012318 -0.036668129 -0.008624566 0.998641193
1305031117.943253 -0.036650766 -0.091390230 -0.010649987 -0.033820361 -0.034489315 -0.009148089 0.998790741
1305031117.979228 -0.040008552 -0.097379752 -0.007214449 -0.034635946 -0.031565212 -0.009912534 0.998852193
1305031118.011228 -0.038750898 -0.111715466 -0.001359516 -0.038861394 -0.032227896 -0.009559977 0.998678982
1305031118.043521 -0.039338142 -0.121069506 0.000931131 -0.038225599 -0.030651210 -0.009956237 0.998749316
1305031118.079334 -0.038093217 -0.128146812 0.005033299 -0.037683319 -0.029900551 -0.011131431 0.998780251
1305031118.111217 -0.036016367 -0.137977973 0.008725801 -0.037478726 -0.026239261 -0.012377234 0.998876214
1305031118.143256 -0.037829027 -0.144838780 0.011591223 -0.035731360 -0.021427643 -0.013694341 0.999037802
1305031118.179323 -0.037889451 -0.157737494 0.016380843 -0.036901079 -0.018672744 -0.015598037 0.999022663
1305031118.211202 -0.041904874 -0.166225314 0.018541690 -0.033471186 -0.015055246 -0.014409008 0.999222398
1305031118.243173 -0.043084767 -0.175463483 0.020500893 -0.031090314 -0.015977211 -0.015296088 0.999271810
1305031118.279194 -0.043329336 -0.186781779 0.022925902 -0.028381871 -0.015772285 -0.015740035 0.999348760
1305031118.311299 -0.043999668 -0.191498205 0.023448855 -0.020886023 -0.015814302 -0.015529198 0.999536157
1305031118.343324 -0.041700501 -0.195697874 0.027802534 -0.015830427 -0.015786709 -0.016685843 0.999610782
1305031118.379208 -0.046065174 -0.201563001 0.027328245 -0.011550933 -0.012539319 -0.018753260 0.999678791
1305031118.411296 -0.047692101 -0.205343023 0.027654719 -0.008782594 -0.013745260 -0.018948231 0.999687433
1305031118.445692 -0.044019710 -0.210318714 0.031230394 -0.009215213 -0.015426509 -0.015851786 0.999712884
1305031118.479285 -0.044036280 -0.212424800 0.032499723 -0.008896737 -0.015996804 -0.013852478 0.999736488
1305031118.511255 -0.042891510 -0.209227040 0.032741245 -0.005942822 -0.016367571 -0.012940632 0.999764621
1305031118.544414 -0.042651542 -0.204187959 0.033567782 -0.005961270 -0.015510898 -0.013828808 0.999766290
1305031118.579285 -0.040329922 -0.203332990 0.034897726 -0.008420711 -0.015344381 -0.013674876 0.999753296
1305031118.616142 -0.039922737 -0.197811529 0.034688443 -0.007855047 -0.013069573 -0.016416626 0.999748945
1305031118.645325 -0.040560529 -0.188299417 0.033825606 -0.007286190 -0.010522760 -0.018577289 0.999745488
1305031118.679295 -0.041758448 -0.183045775 0.031595010 -0.010484964 -0.008880060 -0.020393522 0.999697626
1305031118.711421 -0.042944551 -0.181083336 0.029652433 -0.012752721 -0.008804367 -0.022995761 0.999615431
1305031118.746770 -0.046169929 -0.174353182 0.025126390 -0.010910659 -0.009976425 -0.022637142 0.999634445
1305031118.779277 -0.043137196 -0.154231995 0.023576669 -0.009626562 -0.015144346 -0.021661071 0.999604344
1305031118.811221 -0.041321378 -0.155653462 0.022671966 -0.016664781 -0.017592100 -0.023628034 0.999427080
1305031118.846753 -0.037026107 -0.146871030 0.018956803 -0.012890361 -0.019034402 -0.022260033 0.999487877
1305031118.879208 -0.036603294 -0.125801310 0.011653049 -0.008388854 -0.016415145 -0.023979189 0.999542475
1305031118.911177 -0.035572246 -0.121367536 0.010642352 -0.012965226 -0.016012561 -0.025851760 0.999453425
1305031118.946974 -0.036074594 -0.108483166 0.004180011 -0.010724103 -0.014197611 -0.028120460 0.999446154
1305031118.979374 -0.039026946 -0.092774332 -0.001198674 -0.009814752 -0.012082947 -0.032236941 0.999359012
1305031119.011363 -0.040283337 -0.082814187 -0.005162635 -0.013293918 -0.012049280 -0.034409262 0.999246716
1305031119.047172 -0.041389376 -0.075031437 -0.008976557 -0.015648397 -0.012474618 -0.034988653 0.999187291
1305031119.079223 -0.044544473 -0.064737737 -0.014514492 -0.015633682 -0.013773807 -0.035184138 0.999163628
1305031119.111328 -0.044569120 -0.057686284 -0.018814985 -0.016327415 -0.017791813 -0.033472463 0.999147892
1305031119.147616 -0.046366695 -0.045709137 -0.023950731 -0.015724525 -0.020724488 -0.032467853 0.999134123
1305031119.179226 -0.043618124 -0.042545147 -0.027662341 -0.017918119 -0.026280751 -0.032323662 0.998971164
1305031119.211364 -0.043314259 -0.031116689 -0.032505162 -0.014410870 -0.028074732 -0.031073717 0.999018788
1305031119.247399 -0.043670338 -0.020932350 -0.036321528 -0.013290687 -0.029382141 -0.030331714 0.999019563
1305031119.279212 -0.043157961 -0.011052428 -0.040039372 -0.012575018 -0.030487800 -0.030625457 0.998986721
1305031119.311212 -0.043935016 -0.003312165 -0.044216499 -0.013025230 -0.030756127 -0.027800586 0.999055326
1305031119.347741 -0.046231039 0.003125487 -0.046715621 -0.012496516 -0.031835835 -0.026063936 0.999075055
1305031119.379239 -0.046209503 0.016746096 -0.049595688 -0.009939755 -0.033986755 -0.025629859 0.999044120
1305031119.411484 -0.041287303 0.023736522 -0.051118143 -0.011235632 -0.035463039 -0.024576999 0.999005556
1305031119.447706 -0.040915601 0.031802222 -0.052902870 -0.011769171 -0.033126917 -0.024202658 0.999088764
1305031119.479267 -0.042432949 0.043023176 -0.055804238 -0.009414059 -0.030536273 -0.025005948 0.999176443
1305031119.511240 -0.044093665 0.052415833 -0.058484178 -0.010626511 -0.028998770 -0.024436863 0.999224186
1305031119.547382 -0.044385117 0.062635086 -0.061176255 -0.011499221 -0.028937470 -0.022463808 0.999262631
1305031119.579559 -0.042460248 0.076698497 -0.062148895 -0.011524115 -0.028597407 -0.022504967 0.999271154
1305031119.615017 -0.044771142 0.083091080 -0.062445227 -0.015824135 -0.025896031 -0.022170272 0.999293447
1305031119.647903 -0.047034685 0.100602895 -0.064486064 -0.014874811 -0.024795990 -0.020664860 0.999368250
1305031119.679208 -0.042904630 0.110284775 -0.064658657 -0.019132117 -0.024420116 -0.022249335 0.999271035
1305031119.715232 -0.044428729 0.117919773 -0.063539363 -0.024958653 -0.019553918 -0.019604158 0.999304950
1305031119.747193 -0.047735877 0.123279579 -0.065132082 -0.029571682 -0.017234657 -0.014400671 0.999310315
1305031119.779169 -0.049294632 0.132876426 -0.065102637 -0.031612355 -0.018413642 -0.012130531 0.999256968
1305031119.814537 -0.047508396 0.142151386 -0.065212324 -0.032879598 -0.020308640 -0.008341888 0.999218166
1305031119.847429 -0.048328083 0.149738699 -0.066483438 -0.035234638 -0.018869156 -0.003812165 0.999193668
1305031119.879214 -0.048836242 0.154712677 -0.067242764 -0.036261398 -0.016803896 -0.004073336 0.999192715
1305031119.911401 -0.051635969 0.169924945 -0.068385229 -0.032338791 -0.013919650 -0.003457381 0.999374032
1305031119.947392 -0.051767383 0.176770687 -0.069175430 -0.036258712 -0.012110213 -0.003443541 0.999263108
1305031119.979537 -0.049693886 0.179538041 -0.070134923 -0.039817881 -0.010082146 -0.003995327 0.999148071
1305031120.015264 -0.051385451 0.193467021 -0.070586883 -0.039776035 -0.006583443 -0.002032758 0.999184847
1305031120.047290 -0.058319297 0.187801927 -0.071638376 -0.051365659 -0.002339435 -0.001146988 0.998676479
1305031120.079418 -0.058261890 0.187123388 -0.073541284 -0.053792518 -0.004799554 0.001171932 0.998539925
1305031120.115232 -0.054344330 0.190882772 -0.071830988 -0.052625775 -0.009014867 0.003391814 0.998567820
1305031120.148157 -0.052189570 0.189531088 -0.071021460 -0.054361619 -0.010606345 0.003825417 0.998457670
1305031120.179246 -0.051748637 0.184312731 -0.070268497 -0.054698251 -0.010267042 0.006339411 0.998430014
1305031120.215249 -0.050462998 0.177462757 -0.069765896 -0.052080017 -0.011150491 0.006780025 0.998557627
1305031120.248003 -0.050531439 0.173573554 -0.070555583 -0.048408326 -0.010690985 0.004605336 0.998759806
1305031120.279430 -0.049680457 0.168052688 -0.069616199 -0.045305785 -0.010224113 0.002437522 0.998917878
1305031120.315196 -0.051231682 0.157792151 -0.070499234 -0.046631329 -0.009277882 0.000648085 0.998868883
1305031120.347787 -0.051224656 0.152799994 -0.069152065 -0.042258177 -0.008784806 -0.001046316 0.999067545
1305031120.379437 -0.050750434 0.144094199 -0.066731647 -0.041025721 -0.009019791 -0.002038414 0.999115288
1305031120.415445 -0.050453149 0.128605604 -0.062363058 -0.037429556 -0.009549894 -0.002772575 0.999249816
1305031120.447417 -0.048406899 0.123764709 -0.061234616 -0.029640254 -0.011328611 -0.002690484 0.999492824
1305031120.479432 -0.047457702 0.110663980 -0.057835061 -0.029037081 -0.012303197 -0.002490344 0.999499500
1305031120.514819 -0.049722791 0.099231899 -0.053647291 -0.023409737 -0.013288765 -0.001127588 0.999637008
1305031120.547736 -0.048430346 0.092659503 -0.050174460 -0.015989197 -0.017166207 0.001533425 0.999723673
1305031120.579551 -0.049620956 0.085379735 -0.048065685 -0.012631119 -0.020551385 0.004455938 0.999699116
1305031120.615236 -0.047201805 0.075209953 -0.043903455 -0.010154977 -0.025833514 0.006566468 0.999593139
1305031120.647354 -0.045240168 0.067847610 -0.040719632 -0.005108171 -0.029332766 0.007057798 0.999531746
1305031120.679318 -0.043452356 0.060713999 -0.037140023 -0.002876777 -0.031428006 0.008099876 0.999469101
1305031120.714522 -0.044375930 0.052381471 -0.035221845 -0.000938758 -0.031204639 0.008198576 0.999478996
1305031120.747369 -0.044327870 0.040755816 -0.032072611 -0.001253574 -0.033471711 0.008161621 0.999405563
1305031120.779894 -0.041267093 0.030815136 -0.028101087 0.000300555 -0.036622029 0.008057691 0.999296665
1305031120.814944 -0.041546304 0.025389163 -0.027528234 0.003597193 -0.036529925 0.007274392 0.999299586
1305031120.847921 -0.041038394 0.015831538 -0.024069550 0.002130104 -0.037698999 0.005299195 0.999272823
1305031120.883435 -0.038847193 0.006065157 -0.021765895 0.003831119 -0.037904941 0.003781697 0.999266803
1305031120.915444 -0.040508326 0.002670168 -0.020969158 0.006887212 -0.035495557 0.001290181 0.999345243
1305031120.947488 -0.040447127 -0.007975392 -0.018624160 0.005744271 -0.035254072 -0.000148976 0.999361873
1305031120.983366 -0.041139599 -0.016353788 -0.016012471 0.006160249 -0.035059139 -0.002699161 0.999362588
1305031121.015019 -0.041576475 -0.025288165 -0.015633324 0.007471802 -0.035199359 -0.004006157 0.999344349
1305031121.047498 -0.042169578 -0.030455925 -0.014418731 0.008661597 -0.034912959 -0.004689512 0.999341846
1305031121.083099 -0.043384790 -0.042427462 -0.012295317 0.008455971 -0.035780273 -0.006791911 0.999300838
1305031121.114696 -0.042852450 -0.049287263 -0.012192121 0.011117410 -0.037417315 -0.005856828 0.999220729
1305031121.147331 -0.043484624 -0.056892969 -0.011192486 0.012689792 -0.037826803 -0.006565287 0.999182165
1305031121.183271 -0.042826317 -0.067814596 -0.009510288 0.013229304 -0.039528858 -0.006612849 0.999108970
1305031121.211420 -0.040751752 -0.077491112 -0.007729928 0.015142163 -0.039942749 -0.006955945 0.999063015
1305031121.247194 -0.045036234 -0.083041079 -0.007731951 0.017736534 -0.036921605 -0.008055154 0.999128282
1305031121.282876 -0.044578213 -0.093524657 -0.006386293 0.016526068 -0.038558215 -0.006400415 0.999099195
1305031121.313568 -0.042556353 -0.102632053 -0.002708484 0.019037962 -0.039694373 -0.005558818 0.999015033
1305031121.347517 -0.046200808 -0.109114289 -0.002680063 0.021093361 -0.039545525 -0.004653716 0.998984277
1305031121.383226 -0.042612400 -0.121959887 0.000642498 0.021209644 -0.042226419 -0.003760058 0.998875856
1305031121.414318 -0.043996960 -0.128857300 0.001349031 0.025945837 -0.040581692 -0.005639445 0.998823404
1305031121.447319 -0.044283573 -0.134054303 0.004985930 0.027909949 -0.040469579 -0.004729833 0.998779714
1305031121.482964 -0.042057939 -0.146075353 0.010204329 0.028319415 -0.039445635 -0.003041917 0.998815715
1305031121.514107 -0.046151992 -0.150818303 0.005678415 0.032033700 -0.036005888 -0.003114713 0.998833179
1305031121.547270 -0.046051946 -0.155748516 0.006642262 0.031315222 -0.035782240 -0.002762714 0.998865068
1305031121.583204 -0.043504413 -0.166475952 0.011726595 0.028223032 -0.035506293 -0.003045669 0.998966217
1305031121.614700 -0.043352898 -0.172626406 0.014410598 0.029542284 -0.033928346 -0.003984986 0.998979628
1305031121.647183 -0.042185251 -0.178007662 0.013953077 0.030333485 -0.029668994 -0.006540073 0.999078035
1305031121.683200 -0.046022065 -0.185132667 0.015760891 0.027771862 -0.024914283 -0.007776794 0.999273479
1305031121.714520 -0.048744492 -0.193290427 0.016866766 0.026350627 -0.023337085 -0.006620592 0.999358416
1305031121.747145 -0.049008176 -0.196838394 0.018877443 0.025227424 -0.023105776 -0.006346178 0.999394536
1305031121.782835 -0.048652515 -0.205485418 0.021233011 0.022374824 -0.022851665 -0.004580300 0.999477983
1305031121.811540 -0.046179738 -0.208608717 0.023997985 0.021384887 -0.022490099 -0.002057018 0.999516189
1305031121.847335 -0.047869891 -0.210737452 0.023972299 0.019904170 -0.020283626 0.000299039 0.999596059
1305031121.882060 -0.047548689 -0.213973865 0.024308253 0.017093882 -0.020318812 0.007191481 0.999621511
1305031121.914931 -0.048914824 -0.214742601 0.024028923 0.015528450 -0.021794977 0.008792381 0.999603212
1305031121.947288 -0.047322616 -0.214568883 0.025495857 0.015640415 -0.024231473 0.008273447 0.999549806
1305031121.982926 -0.046717599 -0.209279612 0.025871776 0.016895832 -0.024119899 0.007387957 0.999539018
1305031122.014256 -0.048515789 -0.207502782 0.024708206 0.015815020 -0.023467975 0.005521685 0.999584258
1305031122.047306 -0.048411414 -0.202118352 0.022924364 0.017230790 -0.024622852 0.001521014 0.999547184
1305031122.082959 -0.046885084 -0.196042135 0.021957725 0.018012159 -0.025589259 -0.001863485 0.999508500
1305031122.114672 -0.047267012 -0.185365945 0.019431375 0.020337081 -0.025466636 -0.005197842 0.999455273
1305031122.150725 -0.046211988 -0.177329496 0.017728368 0.019941261 -0.025978200 -0.010094455 0.999412596
1305031122.183042 -0.045563996 -0.168940023 0.014661375 0.021388700 -0.024779674 -0.015277126 0.999347329
1305031122.214959 -0.046470866 -0.148173943 0.010723751 0.022280114 -0.022823907 -0.019826313 0.999294579
1305031122.251319 -0.047165424 -0.144039854 0.008942347 0.015404955 -0.021780478 -0.023320014 0.999372005
1305031122.283560 -0.048530232 -0.132716030 0.005184821 0.015165580 -0.022273770 -0.024664527 0.999332547
1305031122.314289 -0.050433021 -0.112782374 0.001562706 0.012490140 -0.023910288 -0.029658649 0.999195993
1305031122.351327 -0.051039968 -0.107824974 -0.001124814 0.004723264 -0.025947219 -0.031937003 0.999141872
1305031122.382630 -0.052114889 -0.095051557 -0.003841956 0.001121179 -0.027957616 -0.031878345 0.999100029
1305031122.414997 -0.056421313 -0.090250045 -0.009534165 -0.003002221 -0.030556139 -0.033427980 0.998969376
1305031122.451257 -0.058140900 -0.078899920 -0.015001697 -0.004220378 -0.034659166 -0.032737426 0.998853981
1305031122.483360 -0.057983592 -0.070411362 -0.018683912 -0.007365663 -0.039600283 -0.032886136 0.998647094
1305031122.515097 -0.055955991 -0.059555709 -0.021105193 -0.007932869 -0.044308275 -0.033912912 0.998410642
1305031122.551490 -0.052984990 -0.051106647 -0.025429625 -0.009945846 -0.046244089 -0.035367694 0.998254299
1305031122.583208 -0.053052768 -0.042335656 -0.028298805 -0.011377243 -0.045026530 -0.036847211 0.998241186
1305031122.614980 -0.056903448 -0.034244504 -0.030979592 -0.011851804 -0.044000667 -0.036131684 0.998307586
1305031122.648788 -0.056398656 -0.024322962 -0.035017509 -0.010330876 -0.046247173 -0.035327740 0.998251677
1305031122.683402 -0.056379307 -0.014703295 -0.038257770 -0.009707999 -0.047676995 -0.033582300 0.998250902
1305031122.715208 -0.057721846 -0.005169476 -0.040131215 -0.009381283 -0.050185863 -0.030596182 0.998227060
1305031122.751298 -0.056110490 0.007327278 -0.043795008 -0.008169633 -0.053222541 -0.030490121 0.998083651
1305031122.783423 -0.055574533 0.020964459 -0.047161538 -0.009926227 -0.053424072 -0.030978352 0.998041928
1305031122.812555 -0.055024125 0.027955614 -0.046103597 -0.015008630 -0.052821811 -0.031544074 0.997992754
1305031122.851418 -0.050762884 0.037602607 -0.046692073 -0.016031140 -0.050533175 -0.033507507 0.998031378
1305031122.883754 -0.052683614 0.047728825 -0.048540853 -0.018290715 -0.043646604 -0.032367870 0.998355031
1305031122.914571 -0.057351146 0.051067311 -0.049865380 -0.023120919 -0.039491329 -0.031422548 0.998458028
1305031122.951341 -0.057146866 0.057560485 -0.051609274 -0.024186796 -0.038993713 -0.030266350 0.998488069
1305031122.982815 -0.059351023 0.068724155 -0.053092152 -0.024041761 -0.038523227 -0.026176492 0.998625398
1305031123.015450 -0.058915660 0.072990611 -0.054634452 -0.027301328 -0.039953236 -0.023505857 0.998551905
1305031123.051827 -0.057452273 0.078922473 -0.056640800 -0.026655382 -0.040038727 -0.022449031 0.998590231
1305031123.082975 -0.057895631 0.091300271 -0.058743559 -0.024213433 -0.039165825 -0.020046158 0.998738170
1305031123.113873 -0.058804952 0.100520685 -0.060007870 -0.026534716 -0.037554484 -0.017926721 0.998781383
1305031123.150822 -0.059071109 0.108133651 -0.060616106 -0.029019654 -0.036832120 -0.017645493 0.998744130
1305031123.182155 -0.055351470 0.118215203 -0.061279185 -0.030380027 -0.036793023 -0.016994098 0.998716474
1305031123.214704 -0.055088226 0.128428653 -0.061529562 -0.033717204 -0.032117099 -0.017312946 0.998765171
1305031123.250618 -0.054164000 0.143775895 -0.062193763 -0.036174696 -0.028890504 -0.016504532 0.998791397
1305031123.282347 -0.053551368 0.151016742 -0.060165308 -0.044038426 -0.026008749 -0.014745569 0.998582363
1305031123.311327 -0.054686788 0.157535553 -0.059258573 -0.049685393 -0.021259818 -0.013952848 0.998441160
1305031123.350481 -0.053527530 0.163803458 -0.059655838 -0.054869302 -0.017549675 -0.013424549 0.998249054
1305031123.382255 -0.051436782 0.171553463 -0.059719160 -0.059152767 -0.013900577 -0.009548319 0.998106480
1305031123.411363 -0.051898338 0.178217947 -0.059938516 -0.061730802 -0.008966763 -0.006926619 0.998028517
1305031123.451255 -0.052103441 0.185154229 -0.060829625 -0.063804485 -0.006468285 -0.005620237 0.997925639
1305031123.483594 -0.049703036 0.193553671 -0.061363585 -0.067127183 -0.005894978 -0.000567533 0.997726858
1305031123.511360 -0.048997391 0.197736204 -0.061080769 -0.069974020 -0.004305882 0.003047544 0.997534871
1305031123.551513 -0.049189292 0.204125375 -0.061493441 -0.071332015 -0.004346912 0.005493379 0.997428000
1305031123.579583 -0.047077075 0.210961133 -0.061336715 -0.072960697 -0.004750438 0.008402108 0.997288108
1305031123.611335 -0.044806868 0.223441288 -0.061267622 -0.070388019 -0.004398726 0.009590939 0.997463882
1305031123.652411 -0.042301364 0.232308760 -0.060955632 -0.072514489 -0.003480380 0.009885646 0.997312307
1305031123.683753 -0.042198438 0.239815101 -0.060683828 -0.074969247 0.000327404 0.010694372 0.997128427
1305031123.711323 -0.041017618 0.246808797 -0.060662299 -0.078074120 0.003432165 0.012770815 0.996859848
1305031123.751723 -0.040452920 0.241761774 -0.063415155 -0.086315557 0.005248037 0.015279653 0.996136844
1305031123.783858 -0.041129995 0.244438440 -0.063525528 -0.087604731 0.005217981 0.017016551 0.995996296
1305031123.811608 -0.040362496 0.245056987 -0.064951941 -0.089059204 0.004711203 0.017753178 0.995856941
1305031123.851444 -0.039854873 0.246800274 -0.065224379 -0.089265525 0.004196009 0.019965583 0.995798886
1305031123.883786 -0.040975630 0.247805610 -0.064899161 -0.087751135 0.003383073 0.021039987 0.995914459
1305031123.911243 -0.039959468 0.245244652 -0.065506272 -0.085183054 0.001621439 0.019748708 0.996168256
1305031123.951442 -0.039349787 0.241439745 -0.066042237 -0.086892858 0.000756824 0.021271152 0.995990276
1305031123.983415 -0.041372553 0.239910454 -0.064149410 -0.086988747 -0.000494452 0.023134155 0.995940506
1305031124.011302 -0.041526504 0.223543912 -0.064418115 -0.088437013 -0.004157314 0.021850413 0.995833397
1305031124.051505 -0.044073395 0.225434035 -0.062875427 -0.080861315 -0.005893776 0.022771515 0.996447802
1305031124.083837 -0.043466285 0.216812924 -0.061510794 -0.081953019 -0.008860174 0.023287492 0.996324718
1305031124.111331 -0.040942825 0.204523936 -0.058330067 -0.078689136 -0.013168502 0.021896655 0.996571720
1305031124.147446 -0.043724179 0.206696495 -0.056660429 -0.068767503 -0.012879571 0.019808155 0.997352898
1305031124.182694 -0.043121573 0.193773314 -0.055086732 -0.071580157 -0.014269989 0.017870642 0.997172654
1305031124.211396 -0.040686518 0.179860815 -0.051785033 -0.068254746 -0.016655754 0.015062075 0.997415185
1305031124.249327 -0.041463029 0.175429285 -0.052231491 -0.062157005 -0.017504361 0.014960939 0.997800708
1305031124.282545 -0.043591663 0.169307485 -0.051187392 -0.061267711 -0.020638525 0.014623694 0.997800827
1305031124.311361 -0.042104859 0.157833382 -0.048290651 -0.058586463 -0.025377013 0.014698784 0.997851491
1305031124.350354 -0.041091435 0.150706962 -0.047379754 -0.053525846 -0.029087771 0.013304460 0.998054028
1305031124.382420 -0.040035024 0.140917391 -0.046275970 -0.050750617 -0.031556029 0.011883222 0.998141944
1305031124.411439 -0.039681960 0.129847229 -0.045124643 -0.046806157 -0.033023637 0.010604902 0.998301625
1305031124.450245 -0.039302357 0.122177899 -0.044110540 -0.039888337 -0.034560416 0.008318586 0.998571634
1305031124.480099 -0.039580502 0.107817791 -0.043694831 -0.036399178 -0.035448901 0.006145304 0.998689473
1305031124.511324 -0.041176237 0.101731613 -0.043804504 -0.028237069 -0.036263503 0.003211526 0.998938084
1305031124.550437 -0.041010294 0.090851858 -0.042842183 -0.024931403 -0.037974231 0.000613564 0.998967469
1305031124.579404 -0.042325079 0.080177911 -0.040684626 -0.021488778 -0.039859653 -0.001974067 0.998972237
1305031124.611358 -0.042765439 0.069609933 -0.039493378 -0.016793415 -0.041884255 -0.004336241 0.998971939
1305031124.651271 -0.043333929 0.060315341 -0.038664140 -0.013097796 -0.043723430 -0.006452103 0.998937011
1305031124.679362 -0.041211084 0.047799785 -0.035358518 -0.009896111 -0.046306588 -0.008226755 0.998844385
1305031124.711251 -0.039945204 0.039469723 -0.033608027 -0.005190291 -0.046810251 -0.009849000 0.998841763
1305031124.749890 -0.041010331 0.026888026 -0.030319998 -0.003749316 -0.046563502 -0.012097930 0.998835027
1305031124.779365 -0.040529799 0.015950836 -0.028145326 -0.000889231 -0.047966000 -0.012155491 0.998774588
1305031124.811360 -0.041517410 0.006286426 -0.025988450 0.001295333 -0.048329931 -0.013253356 0.998742640
1305031124.850535 -0.041009899 -0.007048594 -0.020057749 0.000203874 -0.050123051 -0.013128936 0.998656750
1305031124.879355 -0.036830209 -0.019912234 -0.015929550 0.001331857 -0.051729422 -0.013213290 0.998572826
1305031124.911448 -0.037898965 -0.026386729 -0.013428388 0.003878145 -0.048525732 -0.013781460 0.998719335
1305031124.950730 -0.037667673 -0.036589827 -0.007435509 0.001081002 -0.047522537 -0.013700339 0.998775601
1305031124.979438 -0.039526206 -0.054288305 -0.002044474 0.000181704 -0.046270169 -0.012315270 0.998853028
1305031125.011454 -0.042819861 -0.061934780 -0.000506423 0.005577805 -0.047507312 -0.011759652 0.998786092
1305031125.050763 -0.037911687 -0.066180758 0.003025000 0.008632778 -0.051433146 -0.009902145 0.998590052
1305031125.079364 -0.036756489 -0.076840982 0.007542396 0.007158597 -0.051284555 -0.006798078 0.998635292
1305031125.111364 -0.038958136 -0.089116424 0.009701350 0.006761982 -0.051572971 -0.005713717 0.998629987
1305031125.151013 -0.037359998 -0.096808590 0.011665751 0.010781633 -0.052192312 -0.007805177 0.998548329
1305031125.179353 -0.039232064 -0.098608181 0.013788894 0.012065214 -0.049074907 -0.007274246 0.998695731
1305031125.211320 -0.040655296 -0.110854842 0.018187005 0.007658487 -0.047696128 -0.006748450 0.998809755
1305031125.250632 -0.041675430 -0.123008944 0.019839447 0.008509192 -0.047238637 -0.009633091 0.998800933
1305031125.279467 -0.042024814 -0.125333831 0.021621950 0.012479790 -0.047247842 -0.010148595 0.998753667
1305031125.311493 -0.042171262 -0.134978652 0.025714684 0.011919211 -0.045673959 -0.009011907 0.998844624
1305031125.348880 -0.044343606 -0.138970241 0.024269940 0.015840523 -0.043353911 -0.013172187 0.998847365
1305031125.379401 -0.041030329 -0.142938390 0.027873579 0.016111096 -0.042549405 -0.017235497 0.998815775
1305031125.411335 -0.041511163 -0.147655606 0.030393315 0.016027698 -0.035938807 -0.017631631 0.999069929
1305031125.451195 -0.043435402 -0.153825969 0.032152966 0.012808914 -0.030063162 -0.019684106 0.999272048
1305031125.479424 -0.042826261 -0.161982864 0.033672638 0.012438642 -0.026371129 -0.020582102 0.999362886
1305031125.511316 -0.043970741 -0.161314473 0.033861134 0.014011035 -0.022219909 -0.021229837 0.999429464
1305031125.551020 -0.043168001 -0.163160160 0.035633303 0.013220178 -0.019451769 -0.022590701 0.999468148
1305031125.579308 -0.042072739 -0.165070400 0.036981665 0.011609262 -0.016337210 -0.024452982 0.999500096
1305031125.611533 -0.043278951 -0.170231760 0.036257964 0.011378771 -0.012693503 -0.024682846 0.999549985
1305031125.650575 -0.046891451 -0.173712760 0.032085259 0.014683444 -0.011631842 -0.021597680 0.999591231
1305031125.679328 -0.051564772 -0.166831464 0.026630690 0.019727429 -0.014126480 -0.021049818 0.999483943
1305031125.711443 -0.047935352 -0.166946590 0.026738485 0.020930044 -0.021118915 -0.019513825 0.999367356
1305031125.751260 -0.046338860 -0.154719129 0.023260325 0.027592042 -0.023810158 -0.018042075 0.999172747
1305031125.779348 -0.046328135 -0.149813488 0.021167792 0.027043942 -0.024454514 -0.021590419 0.999101818
1305031125.811573 -0.044754881 -0.140214995 0.017810738 0.028234940 -0.024122633 -0.022659414 0.999053240
1305031125.847412 -0.045900121 -0.133936912 0.016076654 0.025968153 -0.022107160 -0.024722137 0.999112487
1305031125.879318 -0.048360370 -0.127998680 0.011062264 0.025096249 -0.021935863 -0.025241712 0.999125540
1305031125.911305 -0.051396251 -0.114570424 0.007144962 0.023589203 -0.024034474 -0.024527380 0.999131739
1305031125.947343 -0.054480024 -0.112784974 0.003405564 0.018320730 -0.029892819 -0.022086734 0.999141097
1305031125.979324 -0.050467305 -0.100108802 0.003750740 0.019042782 -0.039359450 -0.018297024 0.998876095
1305031126.011333 -0.047021493 -0.086987041 0.001926181 0.018004274 -0.045810435 -0.017814549 0.998628974
1305031126.047324 -0.042711742 -0.075290129 0.002073668 0.016186235 -0.048656248 -0.017527197 0.998530626
1305031126.079356 -0.042289510 -0.065394729 -0.000561332 0.011905756 -0.046979167 -0.017305538 0.998674989
1305031126.111370 -0.041306153 -0.056957386 -0.000148817 0.007713964 -0.046452526 -0.017443532 0.998738408
1305031126.147432 -0.040552255 -0.040268343 0.000128643 0.007652383 -0.045653142 -0.015164013 0.998812914
1305031126.179384 -0.041795015 -0.026581485 -0.002378550 0.002003827 -0.045149717 -0.015405507 0.998859465
1305031126.211319 -0.038697097 -0.020992383 -0.003009988 -0.003987034 -0.046769820 -0.015006524 0.998785019
1305031126.247298 -0.037528321 -0.004869054 -0.003938036 -0.004824301 -0.045814481 -0.014168491 0.998837829
1305031126.279363 -0.036413744 0.005514337 -0.004204166 -0.008813835 -0.044471748 -0.015477438 0.998851836
1305031126.311332 -0.034482196 0.019049900 -0.006320995 -0.011799005 -0.041980494 -0.016290229 0.998915970
1305031126.347363 -0.035644975 0.027948404 -0.007326174 -0.016681150 -0.037540954 -0.017654501 0.998999894
1305031126.379423 -0.038899172 0.038962509 -0.008966853 -0.019211069 -0.033091597 -0.019368786 0.999079943
1305031126.411465 -0.036460552 0.048048176 -0.009853587 -0.023673361 -0.032886699 -0.020263970 0.998973191
1305031126.447361 -0.037519298 0.054102886 -0.011150478 -0.028976440 -0.031066755 -0.019484906 0.998907149
1305031126.479533 -0.039085507 0.062237877 -0.012922630 -0.031254865 -0.030845506 -0.016393654 0.998900890
1305031126.511410 -0.039160952 0.076029241 -0.015799735 -0.032480270 -0.032488197 -0.014514197 0.998838782
1305031126.547374 -0.037589937 0.085954726 -0.016302118 -0.037103672 -0.033162601 -0.014711992 0.998652637
1305031126.579454 -0.034988273 0.093328722 -0.016989896 -0.041604109 -0.032304976 -0.012487823 0.998533726
1305031126.611528 -0.034869157 0.101714216 -0.018851278 -0.045963529 -0.030462971 -0.011004687 0.998417854
1305031126.647376 -0.032363500 0.102884211 -0.018528176 -0.051962934 -0.029745998 -0.008088462 0.998173118
1305031126.679479 -0.033064850 0.108835012 -0.021234579 -0.053342544 -0.027133387 -0.003892200 0.998199999
1305031126.711583 -0.032335058 0.117082037 -0.022087993 -0.054229885 -0.025806801 -0.000624315 0.998194754
1305031126.747316 -0.031118046 0.117143214 -0.022452109 -0.057064783 -0.024532458 0.002597960 0.998065650
1305031126.779379 -0.029777288 0.122375540 -0.025201220 -0.056282412 -0.024147000 0.005803338 0.998105943
1305031126.811602 -0.026919425 0.126182571 -0.026538704 -0.056299560 -0.022901488 0.006212657 0.998131931
1305031126.847343 -0.026287841 0.129214689 -0.028096961 -0.056624468 -0.019353325 0.006923128 0.998183906
1305031126.879357 -0.026442084 0.131561592 -0.029353172 -0.057174072 -0.017192524 0.007601186 0.998187244
1305031126.911364 -0.025194077 0.130986646 -0.030152138 -0.058518209 -0.015469906 0.007282950 0.998139918
1305031126.947437 -0.026259338 0.133033395 -0.031934194 -0.058694273 -0.013936185 0.009081352 0.998137414
1305031126.979337 -0.026647599 0.132265612 -0.031724390 -0.059397414 -0.014555893 0.010131256 0.998076856
1305031127.011371 -0.025914324 0.130695820 -0.032108609 -0.058804013 -0.015748568 0.010385577 0.998091280
1305031127.047297 -0.024862368 0.131667867 -0.033096161 -0.057727005 -0.016597021 0.011690055 0.998125970
1305031127.079299 -0.025247334 0.131109238 -0.032243334 -0.058027495 -0.016970389 0.011779275 0.998101234
1305031127.111435 -0.026773946 0.130037323 -0.032506496 -0.057612330 -0.018560333 0.012659464 0.998086214
1305031127.147307 -0.027949557 0.126880199 -0.031829596 -0.057107281 -0.021288026 0.012867097 0.998058140
1305031127.179349 -0.026148848 0.126998708 -0.032026287 -0.054405112 -0.025199106 0.012386717 0.998124063
1305031127.211700 -0.025548525 0.125132456 -0.030424189 -0.053929180 -0.026831573 0.011914312 0.998113096
1305031127.247374 -0.025481978 0.121091962 -0.029593360 -0.052999452 -0.026958229 0.010991004 0.998170078
1305031127.279465 -0.026313601 0.120655298 -0.029457074 -0.050137606 -0.026725536 0.009932905 0.998335302
1305031127.311362 -0.028084181 0.118339032 -0.028097773 -0.050343044 -0.026851639 0.008859010 0.998331666
1305031127.347356 -0.027153187 0.111107379 -0.025806136 -0.050788932 -0.029101668 0.008361234 0.998250306
1305031127.379262 -0.027774109 0.112466790 -0.025540948 -0.046647966 -0.029967291 0.008014197 0.998429596
1305031127.411371 -0.029127907 0.111148946 -0.024362233 -0.046233445 -0.030349236 0.007254723 0.998443186
1305031127.447333 -0.029080566 0.105597831 -0.022923131 -0.046952512 -0.031755652 0.006764747 0.998369336
1305031127.479362 -0.028915428 0.106469974 -0.022599999 -0.044251915 -0.033032205 0.005857772 0.998456955
1305031127.511356 -0.029877910 0.106076896 -0.020812031 -0.044881765 -0.033861794 0.004828522 0.998406589
1305031127.547348 -0.029406935 0.101094685 -0.019315138 -0.046091579 -0.035044048 0.004640623 0.998311520
1305031127.579345 -0.030637521 0.101804927 -0.019290477 -0.043587424 -0.034860905 0.004123401 0.998432696
1305031127.611271 -0.030445009 0.102199629 -0.018695075 -0.043697789 -0.035523102 0.004123513 0.998404503
1305031127.647358 -0.030101171 0.099248633 -0.017294403 -0.045213401 -0.036073729 0.005519335 0.998310566
1305031127.679298 -0.030140961 0.098090053 -0.016464181 -0.043839037 -0.036562059 0.005860747 0.998352170
1305031127.711375 -0.030902244 0.099992000 -0.017120315 -0.042340294 -0.037029427 0.005322824 0.998402596
1305031127.747304 -0.029712580 0.097015165 -0.015909426 -0.044592112 -0.038162809 0.005760438 0.998259485
1305031127.779346 -0.030331185 0.095226578 -0.015158556 -0.043752484 -0.038049769 0.005548114 0.998302162
1305031127.811829 -0.030510295 0.095633350 -0.016399693 -0.042256713 -0.038401570 0.004925257 0.998356342
1305031127.847366 -0.030460931 0.094391435 -0.016327670 -0.043017998 -0.038542502 0.004088387 0.998322189
1305031127.879380 -0.031616095 0.092727043 -0.016547574 -0.043506254 -0.038462427 0.003680784 0.998305738
1305031127.911476 -0.033020403 0.093619555 -0.015797254 -0.042577304 -0.038680431 0.003076649 0.998339355
1305031127.947366 -0.032745630 0.094613060 -0.015438469 -0.042853352 -0.039778955 0.003478881 0.998283088
1305031127.979371 -0.032943875 0.093302399 -0.014396450 -0.044777337 -0.040451501 0.003225603 0.998172462
1305031128.011427 -0.031479556 0.093549073 -0.013023777 -0.045533121 -0.041203815 0.003075848 0.998107970
1305031128.047369 -0.030853651 0.091200888 -0.010113301 -0.048581176 -0.040643238 0.004100082 0.997983575
1305031128.079334 -0.031533048 0.087877125 -0.008922611 -0.049517225 -0.039908517 0.005017254 0.997963011
1305031128.111391 -0.031252097 0.088485256 -0.008470168 -0.048231706 -0.040330775 0.005513063 0.998006403
1305031128.147418 -0.031346422 0.087788306 -0.007265007 -0.048965801 -0.040286403 0.007217594 0.997961581
1305031128.179350 -0.029048663 0.083887242 -0.004972829 -0.049592145 -0.041550200 0.008579093 0.997868061
1305031128.211447 -0.030592898 0.085177928 -0.006592464 -0.046929020 -0.040561844 0.008649862 0.998036861
1305031128.247480 -0.030847417 0.085429296 -0.006522764 -0.047205616 -0.040995236 0.009060147 0.998002470
1305031128.279336 -0.029592898 0.082480967 -0.004822454 -0.048338413 -0.042018823 0.009003218 0.997906208
1305031128.311483 -0.030503422 0.084118709 -0.005531705 -0.046105903 -0.041514978 0.008171378 0.998040080
1305031128.347423 -0.030232038 0.083867319 -0.005570070 -0.046308741 -0.041824892 0.007561812 0.998022556
1305031128.379404 -0.030289156 0.083326392 -0.005193449 -0.046579618 -0.042253446 0.006049423 0.998002172
1305031128.411337 -0.031368811 0.082452714 -0.005749121 -0.046136256 -0.041762833 0.004845172 0.998049974
1305031128.447296 -0.032095671 0.082143202 -0.006313317 -0.045791253 -0.041403547 0.003384828 0.998086870
1305031128.479296 -0.032834731 0.081915118 -0.006091147 -0.045849409 -0.041353229 0.002285180 0.998089433
1305031128.511433 -0.032022838 0.080822654 -0.006029597 -0.045911621 -0.041580830 0.001786975 0.998078167
1305031128.547399 -0.031184938 0.079731442 -0.006022491 -0.046383362 -0.041485943 0.001492237 0.998060763
1305031128.579455 -0.032218292 0.077941567 -0.005982223 -0.046309326 -0.040332831 0.000831759 0.998112202
1305031128.611395 -0.033359624 0.077423789 -0.006726163 -0.045192022 -0.040051933 0.001404698 0.998174131
1305031128.647352 -0.035419796 0.077585600 -0.007596735 -0.044415526 -0.040140115 0.001191568 0.998205721
1305031128.679282 -0.034030434 0.075487003 -0.007278753 -0.045045804 -0.042351879 0.000857709 0.998086393
1305031128.711457 -0.032845970 0.075647652 -0.007680215 -0.043682002 -0.042776778 0.000177078 0.998129249
1305031128.747363 -0.032910366 0.076253936 -0.008002922 -0.042580966 -0.041653622 -0.000962273 0.998223901
