1305031103.675523 -0.003262458 -0.048201554 -0.076811068 -0.008066802 -0.032258727 -0.000159324 0.999446988
1305031103.711610 -0.000337471 -0.052141234 -0.097167738 -0.005333457 -0.034105834 -0.000140467 0.999404013
1305031103.743326 -0.003538006 -0.054555669 -0.120003641 -0.000810445 -0.032256063 -0.003236258 0.999474049
1305031103.775342 0.001001811 -0.063000366 -0.144113719 -0.000285885 -0.033331349 -0.004047770 0.999436080
1305031103.811242 0.001203750 -0.060937360 -0.162553519 0.000492456 -0.032059956 -0.007065544 0.999460876
1305031103.843251 -0.005999544 -0.058543142 -0.191097245 -0.002009726 -0.029926641 -0.010248247 0.999497533
1305031103.875361 -0.008470674 -0.056814555 -0.199462831 -0.004791779 -0.032384597 -0.014655707 0.999356508
1305031103.911221 -0.009068901 -0.075886466 -0.227063745 -0.008212097 -0.035971951 -0.015872804 0.999193013
1305031103.943211 -0.005950708 -0.076825671 -0.250041008 -0.005801802 -0.039300822 -0.016867973 0.999068201
1305031103.975373 -0.002344839 -0.087533876 -0.258233249 -0.007674574 -0.041466195 -0.017835513 0.998951256
1305031104.011232 0.004703889 -0.096857227 -0.278892577 -0.004631153 -0.042686906 -0.019421864 0.998888969
1305031104.043249 0.008502873 -0.099860147 -0.302724779 0.002168564 -0.040021464 -0.020987233 0.998976052
1305031104.075425 0.009329010 -0.095382407 -0.326154411 0.007308812 -0.034929901 -0.023840133 0.999078631
1305031104.111235 0.015700679 -0.100623317 -0.338280380 0.009846171 -0.030550057 -0.024619834 0.999181449
1305031104.143230 0.010747175 -0.103171334 -0.362511098 0.014978339 -0.023712022 -0.025691150 0.999276400
1305031104.175424 0.008807123 -0.102417126 -0.383103877 0.019716695 -0.020134510 -0.026435653 0.999253213
1305031104.211283 0.011787889 -0.115370438 -0.414454073 0.021659385 -0.018535906 -0.025840716 0.999259531
1305031104.243196 0.010448791 -0.116387174 -0.435233891 0.026369585 -0.015908383 -0.025800321 0.999192655
1305031104.275546 0.010928251 -0.114811108 -0.454251677 0.031370085 -0.013331235 -0.026786199 0.999059916
1305031104.311219 0.009208834 -0.111187138 -0.451981366 0.035352170 -0.009669412 -0.027144421 0.998959422
1305031104.343342 0.010119420 -0.106266186 -0.468113869 0.039657984 -0.005669712 -0.027241707 0.998825788
1305031104.375837 0.009615697 -0.106528312 -0.486204982 0.041301597 -0.000845096 -0.026474740 0.998795569
1305031104.411509 0.004395224 -0.108724520 -0.504140317 0.042498477 0.003864559 -0.026811259 0.998729229
1305031104.443288 -0.003459803 -0.106168270 -0.520434141 0.043279007 0.006377987 -0.026248341 0.998697817
1305031104.475456 -0.003799090 -0.105263539 -0.520380080 0.042582225 0.004366600 -0.024184255 0.998790681
1305031104.511329 -0.004466101 -0.110981777 -0.532828867 0.042461675 0.001433662 -0.022655029 0.998840153
1305031104.543368 -0.002674654 -0.110302165 -0.548811853 0.046204459 -0.000925841 -0.022572825 0.998676479
1305031104.575343 0.004445390 -0.120587230 -0.561394751 0.048274517 -0.001926906 -0.021495664 0.998600900
1305031104.611336 0.008442611 -0.122628123 -0.574096441 0.058430318 0.002318771 -0.020103401 0.998086333
1305031104.643243 0.008736489 -0.120156631 -0.593386173 0.070601970 0.010154097 -0.019123625 0.997269571
1305031104.675525 0.022634815 -0.135230184 -0.607303500 0.078617603 0.014800573 -0.017599514 0.996639609
1305031104.711277 0.020341976 -0.124260463 -0.617919445 0.095104277 0.022293463 -0.013838942 0.995121419
1305031104.743280 0.024284568 -0.128134653 -0.637617886 0.106782354 0.028558480 -0.013517084 0.993780255
1305031104.775327 0.025651351 -0.124354869 -0.652067184 0.119049273 0.035419382 -0.010898165 0.992196500
1305031104.811465 0.029499710 -0.115943670 -0.662083685 0.130841553 0.041049976 -0.007833025 0.990522087
1305031104.843258 0.024776861 -0.111687616 -0.674707413 0.138913229 0.048220851 -0.006142127 0.989110768
1305031104.875350 0.019422967 -0.103985310 -0.673123121 0.144783378 0.051638152 -0.003469910 0.988108933
1305031104.911534 0.019947253 -0.101878852 -0.673422813 0.146654129 0.052455250 -0.001663315 0.987794638
1305031104.943262 0.017343231 -0.098049700 -0.673746586 0.148012653 0.053785935 -0.001302594 0.987520933
1305031104.975202 0.021430753 -0.084899649 -0.664384961 0.148922399 0.051893920 0.000451421 0.987486184
1305031105.011290 0.022220481 -0.079270035 -0.654096603 0.144990489 0.051481374 0.001082142 0.988092244
1305031105.043373 0.017671645 -0.074137866 -0.643846393 0.140007988 0.052038748 -0.000601365 0.988781750
1305031105.075320 0.022565581 -0.072161466 -0.625964046 0.133432463 0.050350305 -0.001299491 0.989777207
1305031105.111299 0.016946234 -0.079890400 -0.611076236 0.126640737 0.050383497 -0.003489108 0.990662098
1305031105.143106 0.010036137 -0.071802735 -0.594129384 0.121228926 0.048991978 -0.006508857 0.991393447
1305031105.175159 0.009639595 -0.069661044 -0.574079454 0.107921354 0.045726251 -0.009257200 0.993064165
1305031105.211268 -0.000800189 -0.082990639 -0.556556284 0.094355322 0.043903120 -0.012232147 0.994494796
1305031105.243270 -0.007508248 -0.076341815 -0.535218120 0.087541126 0.039431617 -0.013905815 0.995283008
1305031105.275288 -0.009430747 -0.079241157 -0.521766424 0.076118827 0.033295576 -0.015757952 0.996418118
1305031105.311290 -0.016618822 -0.073369689 -0.497162759 0.067339495 0.026991803 -0.015798539 0.997239828
1305031105.343302 -0.018275019 -0.079624392 -0.479910076 0.059322886 0.021028792 -0.018015234 0.997854710
1305031105.375338 -0.017708085 -0.082987279 -0.458197474 0.055355098 0.015578738 -0.017779144 0.998186886
1305031105.411286 -0.018870179 -0.076041043 -0.439720213 0.050865140 0.011146270 -0.018709593 0.998468041
1305031105.443316 -0.020454403 -0.083499007 -0.424977332 0.043504670 0.007160292 -0.020168805 0.998824000
1305031105.475280 -0.020914299 -0.083247453 -0.402966708 0.039949108 0.003890775 -0.019587735 0.999002099
1305031105.511332 -0.016231380 -0.082098022 -0.386355519 0.036055144 0.000268170 -0.019802364 0.999153554
1305031105.543282 -0.015856816 -0.087354571 -0.360422820 0.030750219 -0.000599020 -0.018212596 0.999360979
1305031105.575449 -0.014313642 -0.086216390 -0.342180520 0.028416526 -0.002415854 -0.017656486 0.999437273
1305031105.611378 -0.009756044 -0.091960132 -0.320561379 0.024744164 -0.004297983 -0.016777107 0.999543786
1305031105.643273 -0.012501354 -0.090804458 -0.300714225 0.024730701 -0.004216158 -0.014290495 0.999583125
1305031105.675166 -0.007234546 -0.089710996 -0.279969394 0.023113865 -0.006152257 -0.012857474 0.999631226
1305031105.711309 -0.000323777 -0.096081629 -0.257708341 0.022764500 -0.005074606 -0.013117351 0.999641895
1305031105.743312 0.000222840 -0.088365711 -0.238203749 0.025955115 -0.000970852 -0.012531971 0.999584079
1305031105.775339 0.006952159 -0.091770217 -0.216162428 0.024675623 0.002307722 -0.012222014 0.999618173
1305031105.811283 0.008090933 -0.090354934 -0.194838956 0.026687343 0.007070370 -0.011203043 0.999556065
1305031105.843271 0.011847999 -0.091162302 -0.175310180 0.027548866 0.010265622 -0.009610070 0.999521554
1305031105.875337 0.014506831 -0.081942901 -0.155932501 0.029984344 0.015055185 -0.008017960 0.999404848
1305031105.911262 0.017604439 -0.079340018 -0.136318177 0.027336983 0.018288424 -0.002472911 0.999455929
1305031105.943272 0.018087300 -0.073197290 -0.116720878 0.025604192 0.021659765 0.000311541 0.999437451
1305031105.975329 0.017501090 -0.067910977 -0.100814044 0.022188893 0.024333775 0.002332447 0.999454916
1305031106.011285 0.018565364 -0.062010281 -0.081512041 0.018976975 0.026743328 0.004232242 0.999453247
1305031106.043355 0.016969062 -0.059186455 -0.063482940 0.014447163 0.029314952 0.005571864 0.999450326
1305031106.075330 0.016028030 -0.055112850 -0.047237307 0.010755642 0.030273678 0.007667912 0.999454379
1305031106.111327 0.017282555 -0.047568977 -0.029305344 0.006515532 0.029373076 0.008562534 0.999510586
1305031106.143355 0.013142112 -0.046382196 -0.013336004 -0.000384826 0.029006410 0.010514142 0.999523878
1305031106.175534 0.013301217 -0.044138297 0.001136175 -0.004079186 0.027102219 0.011564000 0.999557436
1305031106.211275 0.012039475 -0.047307655 0.015441027 -0.008497723 0.025796004 0.011970101 0.999559462
1305031106.243267 0.011000141 -0.043191385 0.026621914 -0.007803814 0.024272481 0.015491470 0.999554873
1305031106.276385 0.011372241 -0.036463637 0.035133436 -0.008254778 0.022074370 0.016955499 0.999578476
1305031106.311238 0.013014834 -0.033915531 0.042446196 -0.012222701 0.020064510 0.020362243 0.999516606
1305031106.343258 0.010864884 -0.023186415 0.049297389 -0.015474419 0.019191585 0.021042151 0.999474585
1305031106.375388 0.016502770 -0.026659267 0.052376051 -0.026568197 0.018240871 0.014366788 0.999377310
1305031106.411320 0.017191410 -0.032114495 0.058189951 -0.033035107 0.024001371 0.008160018 0.999132633
1305031106.443278 0.009658955 -0.036968827 0.050950941 -0.034731627 0.029870575 0.004123521 0.998941660
1305031106.475345 0.004330236 -0.040687833 0.044689372 -0.035145856 0.030453350 0.002473617 0.998915017
1305031106.511129 0.001473479 -0.046282265 0.036756340 -0.034065735 0.027344914 0.001325791 0.999044538
1305031106.543302 0.003471532 -0.047150720 0.025830237 -0.030326026 0.022546949 0.000367180 0.999285638
1305031106.575282 0.002554238 -0.047713462 0.010821727 -0.026793804 0.020818511 -0.001226957 0.999423444
1305031106.611151 -0.000009904 -0.047874756 -0.007007802 -0.026462590 0.018059943 -0.003859509 0.999479234
1305031106.643207 0.000249084 -0.057011485 -0.024243133 -0.027979510 0.015069697 -0.006050705 0.999476612
1305031106.675279 -0.007725384 -0.054548286 -0.043293681 -0.024418885 0.013971884 -0.007091065 0.999579012
1305031106.711508 -0.012268038 -0.059270803 -0.061287649 -0.026759215 0.009064286 -0.008669397 0.999563217
1305031106.743341 -0.012807468 -0.062160213 -0.084542230 -0.025568519 0.002273597 -0.008356239 0.999635577
1305031106.775390 -0.009349826 -0.064706713 -0.106714979 -0.025087843 -0.004908871 -0.008584170 0.999636352
1305031106.811289 -0.008729169 -0.063357137 -0.130154774 -0.024919262 -0.009221590 -0.009276325 0.999603868
1305031106.843416 -0.010103498 -0.073740490 -0.150653467 -0.026881438 -0.012938078 -0.011031379 0.999494016
1305031106.875905 -0.004876180 -0.078612417 -0.176042482 -0.021433480 -0.016655698 -0.014429468 0.999527395
1305031106.911243 -0.007435072 -0.074051216 -0.203108341 -0.016714176 -0.015008304 -0.018965647 0.999567747
1305031106.943439 -0.008473957 -0.083939075 -0.223981515 -0.017032180 -0.013622302 -0.023604665 0.999483466
1305031106.975547 -0.007914748 -0.090569422 -0.248556420 -0.011398489 -0.011705195 -0.026950842 0.999503255
1305031107.011576 -0.011869015 -0.082408987 -0.278231651 -0.003444245 -0.007920781 -0.030821688 0.999487579
1305031107.043281 -0.011393966 -0.087513797 -0.301065832 -0.003728643 -0.006047587 -0.032660533 0.999441266
1305031107.075432 -0.019582195 -0.095843673 -0.325854331 -0.000170892 -0.003525299 -0.033852316 0.999420643
1305031107.111229 -0.021069763 -0.093321405 -0.346429646 0.004818477 -0.003622630 -0.035012554 0.999368668
1305031107.143260 -0.017000167 -0.090822443 -0.368303150 0.007029439 -0.003571303 -0.035005841 0.999356031
1305031107.175399 -0.017104018 -0.099770740 -0.387141854 0.007924675 -0.002035411 -0.036114369 0.999314189
1305031107.211358 -0.014096176 -0.106209077 -0.408109218 0.013364680 -0.000331070 -0.037488755 0.999207616
1305031107.243378 -0.013101676 -0.104094990 -0.427555203 0.020018563 0.002550768 -0.037791234 0.999081850
1305031107.275398 -0.007413253 -0.109685682 -0.447113603 0.024481706 0.004474305 -0.036787622 0.999013186
1305031107.311226 -0.011221930 -0.112574257 -0.459768981 0.032031536 0.009459703 -0.038961418 0.998682380
1305031107.343509 -0.004685385 -0.120579377 -0.478962481 0.041715600 0.011991041 -0.038613115 0.998311102
1305031107.375413 -0.001584957 -0.112261683 -0.495077759 0.052057922 0.016283229 -0.037821434 0.997794747
1305031107.411271 0.001339572 -0.112512417 -0.506123960 0.058408551 0.020766271 -0.038677070 0.997327089
1305031107.443419 0.007058579 -0.110433370 -0.515827358 0.063863188 0.024516894 -0.038116097 0.996929049
1305031107.475377 0.014646981 -0.110500194 -0.514285445 0.066536441 0.027397102 -0.035537459 0.996774495
1305031107.511352 0.017542774 -0.099775471 -0.517955363 0.069890618 0.030721290 -0.034996178 0.996467113
1305031107.543605 0.023103034 -0.101201631 -0.517995894 0.067157812 0.032721296 -0.032246958 0.996684134
1305031107.575454 0.026857890 -0.109808758 -0.518381536 0.065646410 0.034362748 -0.029593134 0.996811926
1305031107.611271 0.024877042 -0.096187696 -0.521800458 0.068690307 0.036800701 -0.028821589 0.996542394
1305031107.643323 0.029086757 -0.097332872 -0.520130754 0.065016083 0.037472337 -0.027357239 0.996805072
1305031107.675568 0.026531372 -0.096127391 -0.515079618 0.064022116 0.038592629 -0.026762087 0.996842802
1305031107.711307 0.025055740 -0.090890445 -0.511766016 0.063352428 0.038664300 -0.025847320 0.996906936
1305031107.743538 0.021133363 -0.083838917 -0.509517133 0.061183877 0.038086582 -0.025411226 0.997075856
1305031107.775802 0.021670755 -0.088457197 -0.506409585 0.057201650 0.035316620 -0.026831275 0.997376978
1305031107.811596 0.024570493 -0.082234740 -0.501003206 0.056205593 0.032996166 -0.026637426 0.997518241
1305031107.843332 0.026245726 -0.081921071 -0.499337435 0.053456377 0.032638580 -0.027524397 0.997657061
1305031107.875358 0.034216963 -0.087801784 -0.496227562 0.051788524 0.032790545 -0.030863507 0.997642338
1305031107.911541 0.039841440 -0.089846268 -0.493205726 0.052181646 0.035589136 -0.032726131 0.997466564
1305031107.943122 0.049297530 -0.093014061 -0.490923345 0.053723007 0.038255490 -0.032734893 0.997285724
1305031107.975807 0.059431098 -0.094619937 -0.485835850 0.056156911 0.042075474 -0.032420158 0.997008026
1305031108.011320 0.070045516 -0.092052817 -0.483124912 0.060598604 0.047013465 -0.034192313 0.996468008
1305031108.043418 0.095659047 -0.092705347 -0.486462325 0.062688269 0.051258579 -0.031612359 0.996214569
1305031108.075352 0.109742731 -0.095404759 -0.481523812 0.063845880 0.059767306 -0.025358472 0.995845616
1305031108.111378 0.120617360 -0.099584103 -0.474577695 0.066128418 0.066094033 -0.025241049 0.995299697
1305031108.143334 0.139731646 -0.093072817 -0.469432741 0.069517642 0.068885185 -0.024187980 0.994905591
1305031108.176058 0.152676165 -0.085297175 -0.465990216 0.069235623 0.072669536 -0.020999067 0.994728386
1305031108.211475 0.167221591 -0.087284386 -0.456222802 0.064280555 0.074251302 -0.021459009 0.994934320
1305031108.243347 0.198318362 -0.099715561 -0.458724231 0.061493553 0.074323028 -0.023332443 0.995062947
1305031108.275358 0.212583140 -0.090365745 -0.454768658 0.063517593 0.078692555 -0.022375876 0.994621694
1305031108.311332 0.223611444 -0.083908513 -0.448136449 0.060941655 0.080741845 -0.020785840 0.994653106
1305031108.343278 0.237880394 -0.080075219 -0.444154441 0.056080513 0.079376996 -0.018968560 0.995085120
1305031108.375410 0.245045915 -0.080734223 -0.439328998 0.050581548 0.078205198 -0.015078918 0.995539069
1305031108.411361 0.267685980 -0.076540165 -0.428833097 0.047087871 0.072577886 -0.007711201 0.996220708
1305031108.443610 0.290772915 -0.073907182 -0.426171899 0.043330830 0.069522932 -0.000824822 0.996638477
1305031108.475471 0.308794975 -0.081312597 -0.424453884 0.039187953 0.068196356 0.006165431 0.996882915
1305031108.511378 0.341272622 -0.089689024 -0.422296405 0.038446963 0.068551615 0.009339861 0.996862710
1305031108.543737 0.350459099 -0.101388484 -0.432360828 0.040024247 0.076804638 0.008358581 0.996207416
1305031108.575414 0.376206994 -0.087697804 -0.430506349 0.045776814 0.078590438 0.009175743 0.995813191
1305031108.611407 0.392941654 -0.089991286 -0.429285824 0.044659484 0.084522903 0.009361098 0.995376229
1305031108.643303 0.405029923 -0.084796920 -0.424473345 0.045838609 0.091102749 0.011790165 0.994716108
1305031108.675375 0.428819805 -0.078613430 -0.424917221 0.043775253 0.094819441 0.016067866 0.994401753
1305031108.711411 0.445013583 -0.082335562 -0.424616247 0.039302479 0.101194739 0.020674087 0.993875027
1305031108.743502 0.452651620 -0.085368380 -0.424889743 0.037487250 0.106603846 0.022497267 0.993339896
1305031108.775493 0.464567661 -0.081734754 -0.425827473 0.037169646 0.109988496 0.025273614 0.992915988
1305031108.811244 0.467023760 -0.084080674 -0.419912398 0.035342719 0.114402749 0.029494066 0.992367387
1305031108.843264 0.468164921 -0.087953724 -0.420051783 0.035979345 0.114703424 0.035291951 0.992120504
1305031108.876515 0.474584460 -0.088640839 -0.424600244 0.037607659 0.110496745 0.041205771 0.992309511
1305031108.911364 0.474523962 -0.092204310 -0.425500572 0.040357061 0.107084043 0.046298500 0.992351115
1305031108.943243 0.466775626 -0.097125784 -0.428391218 0.044214334 0.104929358 0.046797130 0.992393553
1305031108.975268 0.459480941 -0.089740321 -0.438791156 0.048615813 0.099304423 0.044052839 0.992891967
1305031109.011269 0.467557281 -0.085143514 -0.439535171 0.049522571 0.092899784 0.044000134 0.993469238
1305031109.043277 0.453466266 -0.086317711 -0.442629635 0.050267614 0.093273424 0.041072145 0.993522167
1305031109.075410 0.444219351 -0.075620830 -0.447365820 0.050334096 0.090417437 0.036028411 0.993978441
1305031109.111282 0.433620244 -0.076477543 -0.444394916 0.046142098 0.089276671 0.032561217 0.994404495
1305031109.143334 0.402986348 -0.082131803 -0.439116329 0.044282794 0.090613805 0.028594907 0.994490087
1305031109.175464 0.387036532 -0.072415009 -0.438350976 0.045985654 0.084279381 0.025412528 0.995056033
1305031109.211379 0.375625163 -0.054329019 -0.439288586 0.044721857 0.078209810 0.029110683 0.995507777
1305031109.243290 0.356984556 -0.061471365 -0.439801574 0.034167875 0.075654127 0.033613142 0.995981514
1305031109.275308 0.335755050 -0.078132130 -0.437767118 0.029116558 0.071998976 0.036333494 0.996317327
1305031109.311329 0.315517843 -0.069955081 -0.437914848 0.033147294 0.062983811 0.036179468 0.996807575
1305031109.343248 0.294193983 -0.064462200 -0.439046264 0.030936133 0.054036397 0.034481999 0.997463763
1305031109.375397 0.275433958 -0.067533486 -0.440789372 0.027770508 0.045965198 0.034271702 0.997968674
1305031109.411329 0.250898898 -0.059938356 -0.443613410 0.029118530 0.041494027 0.029359659 0.998282731
1305031109.443302 0.234489605 -0.057789907 -0.445672840 0.025008941 0.035577983 0.024057033 0.998764217
1305031109.475363 0.216695786 -0.064244121 -0.445277393 0.020422924 0.033713959 0.020615332 0.999010146
1305031109.511273 0.196986452 -0.069217324 -0.447983086 0.019636538 0.032202151 0.016439300 0.999153256
1305031109.543294 0.177142397 -0.068119958 -0.452072412 0.022227550 0.031167481 0.013429779 0.999176741
1305031109.575362 0.153373435 -0.061844524 -0.453481436 0.023670023 0.032281913 0.013188798 0.999111474
1305031109.611310 0.134790421 -0.062051728 -0.455506563 0.023031646 0.030565184 0.010961105 0.999207258
1305031109.643229 0.121302158 -0.055780746 -0.452254415 0.023731373 0.028321723 0.010493984 0.999262035
1305031109.675263 0.094866753 -0.047950901 -0.458240420 0.023150954 0.030578790 0.012097975 0.999190986
1305031109.711312 0.076454513 -0.041454181 -0.454790950 0.021690853 0.027365740 0.011529763 0.999323606
1305031109.743274 0.054253444 -0.041477263 -0.454915375 0.016804120 0.025488295 0.010281002 0.999481022
1305031109.775277 0.046866700 -0.044630978 -0.449788153 0.012841656 0.021343306 0.011457640 0.999624074
1305031109.811371 0.025734764 -0.040968586 -0.447219998 0.011145712 0.020950926 0.010271494 0.999665618
1305031109.843296 0.002138656 -0.039006792 -0.444838077 0.008166422 0.019862434 0.008746305 0.999731123
1305031109.875306 -0.023665091 -0.036476720 -0.447641075 0.004715677 0.018292228 0.006759675 0.999798715
1305031109.911265 -0.044052031 -0.039566111 -0.441243410 0.002889381 0.013115326 0.001147058 0.999909163
1305031109.943299 -0.057634503 -0.027341992 -0.435275853 0.003268272 0.009110573 -0.002755260 0.999949396
1305031109.975258 -0.080397278 -0.029078469 -0.430049986 -0.001438685 0.008559743 -0.007962044 0.999930620
1305031110.011256 -0.099111982 -0.027222631 -0.422615111 -0.003779771 0.006517203 -0.014873038 0.999861002
1305031110.043299 -0.118885100 -0.027101770 -0.418803781 -0.006577129 0.006645458 -0.021738784 0.999719977
1305031110.075319 -0.132377133 -0.022944314 -0.406322509 -0.007914558 0.005565359 -0.026166078 0.999610782
1305031110.111325 -0.155808225 -0.022166301 -0.407006711 -0.012670093 0.005247506 -0.031368136 0.999413788
1305031110.143432 -0.177693352 -0.029698083 -0.402455479 -0.015643355 0.003065271 -0.035462182 0.999243855
1305031110.175641 -0.192606553 -0.018023683 -0.401050389 -0.015156508 -0.000375054 -0.036091115 0.999233484
1305031110.211637 -0.209860966 -0.025487533 -0.397619635 -0.020761175 -0.002769250 -0.038437739 0.999041438
1305031110.243323 -0.225103155 -0.027397217 -0.393737435 -0.021487780 -0.007153125 -0.038375705 0.999006689
1305031110.279321 -0.236563608 -0.024975151 -0.389818251 -0.018973911 -0.011295104 -0.039724968 0.998966634
1305031110.311404 -0.255609572 -0.022702694 -0.391099304 -0.016110787 -0.013509924 -0.042059742 0.998893797
1305031110.343355 -0.275012314 -0.021111272 -0.390539795 -0.015648281 -0.017436346 -0.042939987 0.998802900
1305031110.379281 -0.295001537 -0.019996690 -0.390755743 -0.014699943 -0.021638818 -0.047513876 0.998528004
1305031110.411469 -0.310064495 -0.012946047 -0.392372519 -0.014067109 -0.027756004 -0.049598701 0.998284400
1305031110.443260 -0.331186026 -0.005297750 -0.392782211 -0.016939456 -0.031547423 -0.054347694 0.997879803
1305031110.479331 -0.346289247 -0.009025473 -0.383401275 -0.020862931 -0.038940419 -0.060439806 0.997193754
1305031110.511429 -0.363826752 -0.007660586 -0.385436684 -0.021401716 -0.045470525 -0.064306855 0.996663988
1305031110.543408 -0.364486009 -0.010307707 -0.393529415 -0.024626354 -0.055309601 -0.066543676 0.995944977
1305031110.579426 -0.371785730 -0.007531224 -0.393531919 -0.029296516 -0.062557459 -0.071510047 0.995045066
1305031110.611307 -0.386300206 -0.014265014 -0.386805028 -0.034914110 -0.065544188 -0.075203255 0.994399011
1305031110.643418 -0.412297785 0.002395321 -0.373638988 -0.028852647 -0.063810743 -0.079240814 0.994392574
1305031110.679606 -0.422265053 0.012404403 -0.379025578 -0.027564662 -0.065742306 -0.081603996 0.994112134
1305031110.711412 -0.424814939 -0.001753066 -0.384799302 -0.034712035 -0.069060050 -0.081999794 0.993630648
1305031110.743249 -0.433425456 -0.004903235 -0.385223150 -0.036040835 -0.070371427 -0.084133066 0.993312955
1305031110.779193 -0.436450094 -0.000718359 -0.382690430 -0.035189264 -0.072528623 -0.084504880 0.993156731
1305031110.811386 -0.441292465 -0.001019388 -0.384908080 -0.036175691 -0.072616689 -0.085878238 0.992997050
1305031110.843218 -0.443039477 -0.001298977 -0.383598119 -0.037806030 -0.075050086 -0.087765887 0.992590249
1305031110.879313 -0.439869761 0.000974098 -0.381202042 -0.037024584 -0.077901907 -0.087847948 0.992392659
1305031110.911333 -0.442429513 0.000255065 -0.383258164 -0.038164128 -0.078096323 -0.088586055 0.992268622
1305031110.943862 -0.434723645 0.003293956 -0.380275667 -0.037279181 -0.081164040 -0.089926310 0.991935432
1305031110.979345 -0.412286073 -0.000369947 -0.383435845 -0.038541447 -0.084918700 -0.088643998 0.991688251
1305031111.011431 -0.396930307 -0.003187668 -0.380686402 -0.040266983 -0.081985235 -0.088104993 0.991914570
1305031111.043327 -0.395929813 0.000858033 -0.379606664 -0.038065828 -0.074192606 -0.086017698 0.992797792
1305031111.079283 -0.383976281 0.006810423 -0.379883558 -0.038464189 -0.071985431 -0.082865566 0.993212879
1305031111.111508 -0.369319081 -0.005474981 -0.379604489 -0.042599227 -0.071208909 -0.079078361 0.993408859
1305031111.143257 -0.344609857 -0.014440287 -0.377373308 -0.042486973 -0.072660960 -0.078490585 0.993355155
1305031111.179326 -0.332416743 -0.010190669 -0.377831042 -0.038685147 -0.067541480 -0.078711368 0.993854165
1305031111.211433 -0.319433242 -0.007629719 -0.380055577 -0.036162760 -0.058886167 -0.074348606 0.994835138
1305031111.243236 -0.316582561 -0.011426792 -0.379337430 -0.036121964 -0.053368770 -0.073961787 0.995176673
1305031111.279308 -0.295503110 -0.016580122 -0.377039373 -0.032593917 -0.053661000 -0.073963709 0.995282590
1305031111.311547 -0.293101370 -0.001857664 -0.383485019 -0.025568074 -0.045257822 -0.070015274 0.996190667
1305031111.343397 -0.285012811 0.000863351 -0.380039692 -0.028397474 -0.046804950 -0.069735333 0.996062160
1305031111.379134 -0.252355188 -0.022260595 -0.380484372 -0.032567032 -0.053704470 -0.065092698 0.995900691
1305031111.411296 -0.246858180 -0.010253020 -0.382006377 -0.024737829 -0.051942918 -0.065578885 0.996187449
1305031111.443386 -0.214802563 -0.016007498 -0.379568130 -0.026392978 -0.060540598 -0.069990598 0.995359004
1305031111.479259 -0.166833282 -0.025929738 -0.367046475 -0.024246801 -0.062406838 -0.068520419 0.995400667
1305031111.511264 -0.160057992 -0.029071901 -0.376449913 -0.020790987 -0.048268236 -0.067605250 0.996326983
1305031111.543250 -0.138744593 -0.032770652 -0.379202098 -0.017197609 -0.042485472 -0.067262538 0.996681988
1305031111.579237 -0.116132110 -0.032572061 -0.390922934 -0.013798508 -0.033384193 -0.058637518 0.997625530
1305031111.611271 -0.115821034 -0.029771050 -0.385239273 -0.013244246 -0.025664462 -0.052107614 0.998223782
1305031111.643395 -0.081062831 -0.043510199 -0.386192322 -0.012092812 -0.030656628 -0.044866588 0.998449266
1305031111.679320 -0.054306794 -0.039890099 -0.391838729 -0.006622749 -0.024522010 -0.035490058 0.999047160
1305031111.711760 -0.032744911 -0.041677922 -0.389446765 -0.006193577 -0.017719947 -0.034670040 0.999222517
1305031111.743386 0.008727180 -0.064717695 -0.396593153 -0.007431765 -0.012257631 -0.030909145 0.999419451
1305031111.779423 0.033330314 -0.047899861 -0.393945664 0.000663926 0.005978452 -0.023555096 0.999704421
1305031111.811406 0.036287189 -0.047558099 -0.393502325 0.004062573 0.022082670 -0.023387218 0.999474287
1305031111.843299 0.051596392 -0.049101107 -0.396478027 0.007028492 0.032276213 -0.020815495 0.999237478
1305031111.879442 0.062489945 -0.043227211 -0.392029047 0.008565987 0.039475270 -0.016839419 0.999041975
1305031111.911354 0.073697872 -0.053284653 -0.389749825 0.007358389 0.039544672 -0.010936707 0.999130905
1305031111.943300 0.097138159 -0.050821662 -0.390329629 0.010354760 0.034200609 -0.002668273 0.999357820
1305031111.979449 0.135457009 -0.053235292 -0.389954448 0.010151372 0.030541912 0.005851196 0.999464810
1305031112.011433 0.155765295 -0.052978165 -0.387764692 0.013032950 0.037674103 0.005456515 0.999190211
1305031112.043270 0.182323366 -0.059877519 -0.397514641 0.014602146 0.043656893 0.003694173 0.998933017
1305031112.079339 0.209460035 -0.062928468 -0.398434520 0.016210042 0.053308357 0.004337860 0.998437107
1305031112.111423 0.207754552 -0.056342434 -0.393729568 0.020778501 0.065727919 -0.000224400 0.997621179
1305031112.144342 0.239298046 -0.052446634 -0.400680900 0.021964816 0.067802794 -0.006409407 0.997436345
1305031112.179390 0.271387309 -0.057906300 -0.406494886 0.018352337 0.076944314 -0.008104116 0.996833563
1305031112.211254 0.276432008 -0.071230128 -0.402588546 0.016239168 0.089125231 -0.014857671 0.995777249
1305031112.243369 0.303453267 -0.078959882 -0.405381411 0.021062940 0.095987476 -0.018281998 0.994991720
1305031112.279353 0.303752929 -0.075563990 -0.398702204 0.027237432 0.105688348 -0.020639090 0.993811905
1305031112.311312 0.314598441 -0.085067578 -0.396516323 0.031390887 0.109247617 -0.022838734 0.993256271
1305031112.343323 0.330826074 -0.082730778 -0.396273077 0.038792744 0.109193496 -0.021334786 0.993034124
1305031112.379360 0.349025816 -0.082199596 -0.399834126 0.043161303 0.106778793 -0.017077386 0.993198752
1305031112.411442 0.368308395 -0.080157377 -0.403971314 0.046244390 0.103366822 -0.012750169 0.993485928
1305031112.443391 0.386890322 -0.087189175 -0.405009687 0.047225837 0.101554893 -0.006979292 0.993683875
1305031112.479418 0.393774569 -0.084416747 -0.406400830 0.051065557 0.101241879 0.002038185 0.993548274
1305031112.511504 0.405453473 -0.088142663 -0.407459259 0.052800748 0.097701430 0.009417837 0.993769467
1305031112.543212 0.420072764 -0.089434057 -0.408527106 0.055076197 0.094107240 0.012739845 0.993955791
1305031112.579252 0.430159003 -0.088607118 -0.409803152 0.057352338 0.091251671 0.017899107 0.994013786
1305031112.611261 0.461827815 -0.080830559 -0.418648481 0.059207723 0.086134538 0.026119895 0.994179606
1305031112.643246 0.481047064 -0.078278318 -0.418421865 0.057203401 0.089789852 0.034043215 0.993733644
1305031112.679952 0.482291996 -0.080545455 -0.416073531 0.054871585 0.096723914 0.037318923 0.993096590
1305031112.711251 0.483266532 -0.078395538 -0.417112291 0.053115420 0.101813354 0.038579177 0.992635071
1305031112.743245 0.484982789 -0.069811150 -0.417114079 0.050042577 0.105191432 0.042484414 0.992282987
1305031112.779310 0.484653890 -0.073523208 -0.411713958 0.041936837 0.109413810 0.045763347 0.992056251
1305031112.811310 0.469898909 -0.075952962 -0.404656649 0.040170826 0.111662485 0.044517253 0.991935432
1305031112.843286 0.463686615 -0.065488033 -0.401205152 0.039863445 0.107014336 0.041700423 0.992582440
1305031112.879421 0.461342514 -0.065514855 -0.401251435 0.036024444 0.103806011 0.043889172 0.992975473
1305031112.911411 0.442494869 -0.068631321 -0.396704912 0.032423392 0.103438810 0.044970233 0.993089497
1305031112.943321 0.431699991 -0.070108347 -0.394642979 0.030528024 0.098687030 0.043972503 0.993677676
1305031112.979278 0.434149981 -0.067255445 -0.399888128 0.030667691 0.090128660 0.042668719 0.994542956
1305031113.011353 0.425397635 -0.063878529 -0.404080868 0.029373437 0.086835518 0.041842349 0.994910061
1305031113.043231 0.409246147 -0.062230445 -0.401834637 0.025712194 0.086519927 0.039730258 0.995125473
1305031113.079251 0.384129107 -0.080652967 -0.398137540 0.020736331 0.087254897 0.032729071 0.995432258
1305031113.111316 0.366355807 -0.071425028 -0.402092397 0.025116861 0.082923628 0.027598836 0.995856941
1305031113.143306 0.357739210 -0.061458349 -0.403721750 0.024491504 0.078611590 0.026673982 0.996247411
1305031113.179343 0.339510471 -0.072782069 -0.405190974 0.019698517 0.077250622 0.028689051 0.996404171
1305031113.211259 0.312198430 -0.070790328 -0.406631678 0.022155106 0.073775426 0.029514495 0.996591806
1305031113.243227 0.300227731 -0.056933198 -0.406214952 0.023724042 0.065407731 0.030368671 0.997114241
1305031113.279312 0.285041302 -0.074716553 -0.409152418 0.017336983 0.059279554 0.031887248 0.997581363
1305031113.311452 0.251665086 -0.086099371 -0.407957107 0.020154193 0.055533446 0.034007415 0.997673929
1305031113.343252 0.227715895 -0.074695408 -0.411989093 0.027582787 0.045674708 0.031850845 0.998067379
1305031113.379312 0.204716727 -0.073627934 -0.412518650 0.023933493 0.036868103 0.028633488 0.998623073
1305031113.411625 0.185334474 -0.083611295 -0.414030433 0.022885900 0.030226547 0.029148664 0.998855829
1305031113.443266 0.160404891 -0.066151604 -0.405142367 0.028715944 0.024647512 0.023368549 0.999010444
1305031113.479311 0.130595297 -0.063706473 -0.408549368 0.025434073 0.019709142 0.017362120 0.999331355
1305031113.511523 0.106809311 -0.072386526 -0.405771583 0.019409511 0.014798269 0.015258310 0.999585629
1305031113.543242 0.078856289 -0.071881354 -0.404943615 0.018290421 0.010541135 0.010667391 0.999720216
1305031113.579301 0.052752279 -0.063423529 -0.404737204 0.020075288 0.007179683 0.005176822 0.999759316
1305031113.611268 0.035591014 -0.066998035 -0.403514385 0.016251700 0.003902950 0.000722846 0.999860048
1305031113.643222 0.016473413 -0.066291943 -0.405076772 0.013817889 0.004290937 -0.003142320 0.999890387
1305031113.679288 -0.003693857 -0.068513907 -0.403127223 0.012112634 0.005083084 -0.006364326 0.999893486
1305031113.711931 -0.018827036 -0.069991179 -0.399869204 0.011468466 0.004584484 -0.010829461 0.999865115
1305031113.743590 -0.036372378 -0.068724625 -0.399208635 0.012294237 0.007141757 -0.016291860 0.999766171
1305031113.779320 -0.061872162 -0.069674179 -0.396420807 0.013137610 0.011331744 -0.020823915 0.999632597
1305031113.811237 -0.078356788 -0.066510826 -0.395716816 0.014525656 0.011742545 -0.022417640 0.999574184
1305031113.843295 -0.096810162 -0.063136846 -0.393764615 0.014263418 0.014075448 -0.025678478 0.999469399
1305031113.879281 -0.124778584 -0.071004428 -0.389726669 0.014254720 0.016533667 -0.030647695 0.999291837
1305031113.911290 -0.139317304 -0.063687980 -0.387887031 0.018647682 0.014619946 -0.031209856 0.999231935
1305031113.943291 -0.156047478 -0.064159535 -0.383136183 0.021007184 0.016275240 -0.033422511 0.999087930
1305031113.979293 -0.177951232 -0.066308454 -0.384665847 0.023384163 0.019071074 -0.038425148 0.998805761
1305031114.011257 -0.203088790 -0.061472550 -0.384219229 0.027165946 0.021396922 -0.043665476 0.998447537
1305031114.043301 -0.231379345 -0.059961945 -0.381837785 0.028674226 0.020404216 -0.046011180 0.998320818
1305031114.079285 -0.257714987 -0.061817929 -0.380743235 0.030412344 0.016450422 -0.047128350 0.998290241
1305031114.111263 -0.275013506 -0.054298922 -0.377557188 0.033819377 0.010824427 -0.050659243 0.998084486
1305031114.143284 -0.287607044 -0.054137640 -0.372389674 0.033505145 0.004565777 -0.053963572 0.997970164
1305031114.179337 -0.299637139 -0.060824718 -0.367919803 0.034647938 0.001056257 -0.055787388 0.997840762
1305031114.211303 -0.323468775 -0.045102064 -0.373102218 0.039188586 0.002190484 -0.058472522 0.997517109
1305031114.243337 -0.347438276 -0.046116468 -0.367238730 0.036544468 0.000872883 -0.062803783 0.997356236
1305031114.279390 -0.372821540 -0.045878373 -0.367857456 0.036220040 -0.003587184 -0.065524027 0.997186959
1305031114.311429 -0.388858557 -0.038356267 -0.360185951 0.036663208 -0.011708072 -0.065740749 0.997094214
1305031114.343331 -0.397339463 -0.040170100 -0.355459362 0.035158567 -0.018691050 -0.069015190 0.996820629
1305031114.379320 -0.411728382 -0.040915344 -0.352615356 0.034958817 -0.020329073 -0.073996492 0.996438205
1305031114.411397 -0.431174070 -0.040836461 -0.351658851 0.035720669 -0.020996222 -0.078277521 0.996070206
1305031114.443345 -0.443363726 -0.045967653 -0.353367746 0.033532441 -0.025107110 -0.079153165 0.995981932
1305031114.479332 -0.462860614 -0.049073555 -0.352335989 0.032259159 -0.030853067 -0.081342444 0.995686114
1305031114.511266 -0.467141181 -0.044269264 -0.347946972 0.032499231 -0.040345863 -0.083639011 0.995148480
1305031114.543236 -0.466929674 -0.049812522 -0.344413310 0.028497357 -0.046702199 -0.081518874 0.995169044
1305031114.579237 -0.477145433 -0.050162822 -0.342525184 0.027388526 -0.046746086 -0.078434527 0.995445967
1305031114.611391 -0.481309950 -0.048087001 -0.341613501 0.025367882 -0.048565533 -0.075852782 0.995612502
1305031114.644136 -0.499603719 -0.046620853 -0.340619296 0.021000691 -0.048432600 -0.075883292 0.995718300
1305031114.679251 -0.506241798 -0.052331749 -0.339202762 0.017013134 -0.054667678 -0.076631963 0.995414257
1305031114.711306 -0.503022611 -0.056554474 -0.337538540 0.015771704 -0.060836654 -0.075623430 0.995153904
1305031114.743200 -0.506995201 -0.059563283 -0.334974349 0.016071325 -0.063404836 -0.079394035 0.994694948
1305031114.779289 -0.502709568 -0.056252588 -0.337474495 0.018875593 -0.066056959 -0.082602799 0.994211733
1305031114.811303 -0.501520932 -0.048536457 -0.336569190 0.020371174 -0.065663733 -0.083764561 0.994111061
1305031114.843208 -0.500136375 -0.047643363 -0.337278277 0.020495206 -0.065801106 -0.087104298 0.993812323
1305031114.879281 -0.493645519 -0.043204773 -0.338281095 0.020894570 -0.066526778 -0.086821318 0.993780434
1305031114.912879 -0.487135231 -0.040587991 -0.339945585 0.019999370 -0.067300647 -0.087037683 0.993727863
1305031114.943234 -0.475626469 -0.035640698 -0.339491159 0.018429505 -0.067635946 -0.088787943 0.993580639
1305031114.979280 -0.466228455 -0.034062281 -0.340104014 0.016284211 -0.065533601 -0.089261875 0.993716478
1305031115.011300 -0.455322385 -0.027477276 -0.339011669 0.013361302 -0.064489953 -0.090292476 0.993735313
1305031115.043508 -0.435015827 -0.036082003 -0.334562957 0.008030683 -0.064515933 -0.089276515 0.993882716
1305031115.079238 -0.418967634 -0.030904917 -0.334235072 0.007579722 -0.062103767 -0.089172505 0.994049251
1305031115.111230 -0.388857752 -0.034691192 -0.328204125 0.003800299 -0.061693821 -0.086618401 0.994322240
1305031115.143275 -0.374690503 -0.034623083 -0.320629418 0.003176068 -0.052541532 -0.084388703 0.995041609
1305031115.179440 -0.368293703 -0.032802418 -0.320811898 0.002174548 -0.046565711 -0.083491154 0.995417595
1305031115.211374 -0.345746905 -0.043377019 -0.316615462 -0.000069427 -0.047596987 -0.079509996 0.995697141
1305031115.243297 -0.324179739 -0.048365112 -0.311500907 0.004185459 -0.043390092 -0.075871639 0.996164322
1305031115.279966 -0.304361284 -0.039541028 -0.313046336 0.007067945 -0.040954374 -0.071324758 0.996586978
1305031115.311704 -0.264986753 -0.048154328 -0.296176136 0.006547058 -0.041718844 -0.065146670 0.996981740
1305031115.343235 -0.243713483 -0.044486918 -0.296356618 0.011394092 -0.032418657 -0.060956270 0.997548759
1305031115.379166 -0.243343502 -0.029433694 -0.303905666 0.010426120 -0.024472753 -0.056328423 0.998057842
1305031115.411237 -0.215928033 -0.041479498 -0.295190156 0.001492189 -0.033092845 -0.053251740 0.998031497
1305031115.443159 -0.177089721 -0.041547887 -0.289920449 -0.001265887 -0.038954686 -0.047328934 0.998118699
1305031115.479241 -0.152798980 -0.042405158 -0.288444817 -0.005445534 -0.039254908 -0.041356225 0.998358190
1305031115.511253 -0.106998764 -0.052042611 -0.284318000 -0.010219646 -0.043367349 -0.036745798 0.998330891
1305031115.543604 -0.073789477 -0.055825818 -0.281154186 -0.009763610 -0.031970222 -0.030383924 0.998979211
1305031115.579315 -0.053101871 -0.058561362 -0.284833580 -0.009437123 -0.019605070 -0.022436792 0.999511480
1305031115.611424 -0.029877130 -0.059166297 -0.287132710 -0.008210205 -0.014237754 -0.016729135 0.999724984
1305031115.643254 -0.010045175 -0.062030263 -0.289736480 -0.006761515 -0.006984897 -0.009097345 0.999911368
1305031115.679241 0.001223428 -0.059272040 -0.289591700 -0.003590349 -0.002280114 0.000881699 0.999990582
1305031115.711320 0.037289746 -0.054701563 -0.290229231 -0.001916889 -0.006018816 0.009923406 0.999930799
1305031115.743250 0.078685820 -0.059584849 -0.289319903 -0.002817759 -0.004306106 0.016623495 0.999848604
1305031115.779425 0.099529587 -0.060865019 -0.295077950 -0.000787841 0.005945886 0.025212282 0.999664128
1305031115.811277 0.127209201 -0.057523429 -0.300145715 0.000046600 0.012662893 0.033604756 0.999355018
1305031115.843224 0.153133437 -0.066439562 -0.294961393 -0.004731148 0.020713130 0.042895343 0.998853624
1305031115.879198 0.158945754 -0.065147646 -0.295037627 -0.001715444 0.029760364 0.048999757 0.998353839
1305031115.911118 0.189570442 -0.058731824 -0.295588881 0.001456641 0.029748594 0.055200584 0.998030961
1305031115.943311 0.207580060 -0.060491692 -0.297991514 -0.000127222 0.036004718 0.061924901 0.997431159
1305031115.980740 0.226054847 -0.055798367 -0.296818733 -0.000283139 0.041410178 0.067577355 0.996854246
1305031116.011379 0.259905905 -0.047764972 -0.294927150 -0.000881999 0.046135705 0.071765222 0.996353567
1305031116.043164 0.285218060 -0.052256301 -0.295911878 -0.005972324 0.056593597 0.074536830 0.995593131
1305031116.080030 0.283001840 -0.037658103 -0.284527063 -0.006186958 0.072227173 0.078642063 0.994263709
1305031116.111300 0.306097507 -0.041840371 -0.285779834 -0.013998362 0.079493880 0.082100332 0.993350029
1305031116.143441 0.316966176 -0.052226081 -0.280515045 -0.021356717 0.088703617 0.085595019 0.992143631
1305031116.179572 0.332491815 -0.039629288 -0.278659403 -0.019299075 0.092845149 0.087900221 0.991605222
1305031116.211299 0.350442618 -0.044219516 -0.281782031 -0.025181420 0.097577304 0.092168666 0.990630865
1305031116.243320 0.362269193 -0.054718547 -0.278287113 -0.030695202 0.104932562 0.095400594 0.989416838
1305031116.279385 0.385437429 -0.051967010 -0.278206170 -0.030193280 0.111351654 0.099277526 0.988348663
1305031116.311336 0.391303807 -0.046935663 -0.279823840 -0.031388607 0.121029586 0.103589810 0.986729860
1305031116.343292 0.402404279 -0.060072914 -0.281240314 -0.035703957 0.126109466 0.107436001 0.985534966
1305031116.379384 0.403075695 -0.066622652 -0.280412436 -0.031918172 0.131976441 0.107417375 0.984898448
1305031116.411333 0.399695575 -0.055992253 -0.283724099 -0.025089191 0.135357395 0.111034781 0.984235823
1305031116.443369 0.402228296 -0.052541263 -0.287020355 -0.026644513 0.136267185 0.120459288 0.982960284
1305031116.479850 0.404084742 -0.058439173 -0.289195001 -0.027911630 0.136804566 0.124169208 0.982388616
1305031116.511205 0.399429411 -0.057952993 -0.291746408 -0.025825579 0.136205137 0.120035134 0.983042598
1305031116.543262 0.391432375 -0.057555519 -0.295922846 -0.023663867 0.136526555 0.116138458 0.983520389
1305031116.579313 0.385398090 -0.066639274 -0.304546922 -0.027996782 0.132337898 0.113315977 0.984308064
1305031116.611261 0.347604275 -0.054128483 -0.296997309 -0.021763762 0.134606585 0.105874032 0.984986305
1305031116.643355 0.328976810 -0.058601212 -0.299075186 -0.022312190 0.127923876 0.095686622 0.986905098
1305031116.679281 0.314362526 -0.054977685 -0.302647471 -0.020965718 0.119620435 0.086275369 0.988841712
1305031116.711634 0.300318092 -0.059260208 -0.309163034 -0.022675423 0.113876618 0.076282278 0.990302444
1305031116.743291 0.279797077 -0.065153837 -0.313361317 -0.026755374 0.109733254 0.065577969 0.991434455
1305031116.779298 0.254195720 -0.066146664 -0.310091496 -0.029912893 0.107474416 0.054125872 0.992282629
1305031116.811318 0.220564961 -0.058215976 -0.310761333 -0.026025796 0.107847109 0.047497280 0.992691100
1305031116.846089 0.203054518 -0.043109860 -0.305501968 -0.019611238 0.096302643 0.039465934 0.994376004
1305031116.880165 0.190125376 -0.042984001 -0.311252505 -0.021207819 0.083678111 0.033501409 0.995703697
1305031116.912044 0.152643129 -0.041020922 -0.311295420 -0.020312052 0.076915666 0.027464693 0.996452212
1305031116.943296 0.127812043 -0.034839332 -0.309214622 -0.020035835 0.064007543 0.019587811 0.997555971
1305031116.979351 0.100407809 -0.033499930 -0.310863554 -0.019578395 0.054137282 0.008488994 0.998305440
1305031117.011382 0.067822471 -0.029233493 -0.313392878 -0.017885195 0.045953862 -0.000362055 0.998783350
1305031117.043261 0.045119256 -0.017518152 -0.308006734 -0.015757494 0.035748389 -0.006464403 0.999215662
1305031117.079520 0.015750140 -0.011114396 -0.314273208 -0.016964128 0.029443970 -0.013285185 0.999334157
1305031117.111238 -0.006384804 -0.014287909 -0.319642872 -0.021009620 0.019426739 -0.015822781 0.999465287
1305031117.143218 -0.012235783 -0.004431536 -0.315234244 -0.021815227 0.006193591 -0.015790667 0.999618113
1305031117.179264 -0.030719658 0.001146075 -0.309792876 -0.023259595 -0.001105958 -0.022432748 0.999477148
1305031117.211361 -0.035533547 0.002568493 -0.307151049 -0.025478967 -0.008983945 -0.024964392 0.999323249
1305031117.243277 -0.037198391 0.010152247 -0.306042761 -0.027466346 -0.012052660 -0.026709912 0.999193132
1305031117.279299 -0.037329182 0.006095804 -0.303749442 -0.033140782 -0.012199003 -0.030731311 0.998903632
1305031117.311200 -0.046037361 0.004118390 -0.300301850 -0.036447141 -0.008885460 -0.032956362 0.998752475
1305031117.343243 -0.045738127 -0.002736796 -0.300590098 -0.039049000 -0.010278843 -0.033416837 0.998625457
1305031117.379454 -0.048294030 -0.011377730 -0.302278697 -0.039879017 -0.010067563 -0.033567663 0.998589754
1305031117.411221 -0.051216044 -0.018684736 -0.303316474 -0.038879409 -0.011559295 -0.032900054 0.998635232
1305031117.443274 -0.051646948 -0.020730563 -0.304136336 -0.035262980 -0.013134223 -0.032228563 0.998771906
1305031117.479403 -0.051468961 -0.032583505 -0.306239456 -0.035078529 -0.014406287 -0.030363472 0.998819292
1305031117.511325 -0.053292189 -0.045084316 -0.306805521 -0.032954067 -0.015780453 -0.028878948 0.998914897
1305031117.544285 -0.055213846 -0.051488262 -0.309254348 -0.028020689 -0.016382761 -0.028906658 0.999054968
1305031117.579155 -0.061250471 -0.057283301 -0.306122988 -0.024497624 -0.016243506 -0.030844091 0.999091923
1305031117.611159 -0.059576679 -0.067069419 -0.302452385 -0.023571793 -0.018801939 -0.030080089 0.999092638
1305031117.643252 -0.060501318 -0.081623450 -0.299708635 -0.023103885 -0.021112286 -0.029173803 0.999084294
1305031117.679262 -0.062733397 -0.087096184 -0.297411203 -0.021747254 -0.023387026 -0.029102189 0.999066174
1305031117.711184 -0.061700378 -0.102815256 -0.292658895 -0.023422934 -0.026420768 -0.026494296 0.999025226
1305031117.743184 -0.060996957 -0.117533818 -0.288841218 -0.023729227 -0.029171368 -0.023478266 0.999016881
1305031117.779467 -0.061387509 -0.128798291 -0.286554575 -0.023602730 -0.031701356 -0.021538286 0.998986542
1305031117.811320 -0.058326270 -0.147671744 -0.280385405 -0.025839813 -0.034624007 -0.019219933 0.998881400
1305031117.843291 -0.053276062 -0.160640836 -0.273459554 -0.023328587 -0.035667785 -0.018615322 0.998917937
1305031117.879451 -0.056600347 -0.172820076 -0.272683889 -0.021762470 -0.031985767 -0.018613495 0.999077976
1305031117.911407 -0.061331198 -0.189510390 -0.267309964 -0.021460062 -0.029147014 -0.019479461 0.999154866
1305031117.943253 -0.058893941 -0.200674504 -0.262999892 -0.020263121 -0.028009133 -0.018769078 0.999226034
1305031117.979228 -0.067203917 -0.209460378 -0.259687722 -0.020597246 -0.024257269 -0.020061174 0.999292195
1305031118.011228 -0.063784905 -0.235776454 -0.249831378 -0.025593601 -0.025308995 -0.019594228 0.999159873
1305031118.043521 -0.065896243 -0.245355517 -0.246335790 -0.023031525 -0.023436537 -0.020011349 0.999259651
1305031118.079334 -0.063331969 -0.262071222 -0.240414008 -0.024027830 -0.022820828 -0.021333385 0.999223053
1305031118.111217 -0.058110051 -0.278232545 -0.232660130 -0.023908699 -0.019923164 -0.021634024 0.999281466
1305031118.143256 -0.062837541 -0.290334612 -0.230049103 -0.022284472 -0.014491908 -0.023081472 0.999380112
1305031118.179323 -0.060582258 -0.309635997 -0.222027034 -0.023074804 -0.012487097 -0.024129180 0.999364495
1305031118.211202 -0.071135335 -0.324429959 -0.218206704 -0.019949164 -0.007941768 -0.023768943 0.999486864
1305031118.243173 -0.073255867 -0.338090867 -0.215323851 -0.017140470 -0.008819556 -0.024703920 0.999508917
1305031118.279194 -0.071923368 -0.355241001 -0.212355301 -0.014063262 -0.009417041 -0.025300993 0.999536574
1305031118.311299 -0.072464436 -0.364004970 -0.209862158 -0.006899825 -0.009778266 -0.025222119 0.999610245
1305031118.343324 -0.066612355 -0.378495902 -0.206819236 -0.003942393 -0.010008014 -0.026172258 0.999599576
1305031118.379208 -0.069884844 -0.392022252 -0.203266144 -0.000825768 -0.007803950 -0.025831288 0.999635518
1305031118.411296 -0.072849959 -0.394372731 -0.202951759 0.002877387 -0.008954009 -0.025860948 0.999621272
1305031118.445692 -0.069438428 -0.394284546 -0.197986737 0.004730154 -0.009927743 -0.023201386 0.999670327
1305031118.479285 -0.068617769 -0.404134989 -0.195787042 0.003425463 -0.010837485 -0.020632496 0.999722481
1305031118.511255 -0.066616036 -0.398790240 -0.195558578 0.006890741 -0.011141150 -0.020086817 0.999712408
1305031118.544414 -0.066418000 -0.387924433 -0.194785535 0.007668352 -0.010345930 -0.021369589 0.999688685
1305031118.579285 -0.061531879 -0.389280498 -0.192893490 0.004363832 -0.010267525 -0.020668838 0.999724090
1305031118.616142 -0.060609195 -0.381878018 -0.192792565 0.004072934 -0.008008993 -0.022924893 0.999696791
1305031118.645325 -0.061776698 -0.368664801 -0.195447192 0.004012895 -0.005361753 -0.024911758 0.999667227
1305031118.679295 -0.061827373 -0.357249767 -0.195528165 0.001363871 -0.004258341 -0.026363092 0.999642432
1305031118.711421 -0.064138830 -0.354546160 -0.197429627 -0.000883208 -0.004188505 -0.029385947 0.999558985
1305031118.746770 -0.069348700 -0.340835571 -0.205454215 0.001066214 -0.005321121 -0.028890582 0.999567866
1305031118.779277 -0.066084310 -0.311269522 -0.212231636 0.002171223 -0.009615838 -0.029508803 0.999515891
1305031118.811221 -0.063048400 -0.304938853 -0.208803937 -0.002647110 -0.012256910 -0.031601902 0.999421895
1305031118.846753 -0.057552576 -0.292221576 -0.215806544 0.000981892 -0.013211429 -0.030671299 0.999441743
1305031118.879208 -0.056628816 -0.258974969 -0.227205038 0.005131644 -0.010795255 -0.032778382 0.999391139
1305031118.911177 -0.056619555 -0.254695892 -0.230049774 0.000101399 -0.009864768 -0.034881700 0.999342740
1305031118.946974 -0.055395335 -0.234048396 -0.239450216 0.002074865 -0.008536506 -0.036253754 0.999303997
1305031118.979374 -0.058912311 -0.209113985 -0.247895181 0.002931718 -0.006440364 -0.040647268 0.999148488
1305031119.011363 -0.058013827 -0.192339689 -0.250755250 -0.000649828 -0.007564280 -0.042084422 0.999085188
1305031119.047172 -0.064708374 -0.176380605 -0.260094613 -0.002281868 -0.006473829 -0.043600243 0.999025464
1305031119.079223 -0.066591300 -0.158300966 -0.269456238 -0.001843595 -0.008763749 -0.042892687 0.999039531
1305031119.111328 -0.069033846 -0.144870460 -0.279048830 -0.002475307 -0.011683172 -0.042611599 0.999020338
1305031119.147616 -0.070316255 -0.126127928 -0.286210507 -0.002122843 -0.015084369 -0.041325130 0.999029636
1305031119.179226 -0.068421394 -0.117626406 -0.290263355 -0.003506861 -0.019856947 -0.041577548 0.998931766
1305031119.211364 -0.065793186 -0.100070044 -0.298530102 -0.000325744 -0.022259744 -0.040195659 0.998943806
1305031119.247399 -0.069839448 -0.081352644 -0.301234215 0.001305742 -0.022393176 -0.039973438 0.998948872
1305031119.279212 -0.066856481 -0.069559127 -0.307941645 0.000647414 -0.024116773 -0.039776228 0.998917282
1305031119.311212 -0.069590762 -0.053731147 -0.314303666 0.001181174 -0.023744065 -0.037130762 0.999027610
1305031119.347741 -0.070249133 -0.045542851 -0.320095450 0.000570724 -0.025987811 -0.034819160 0.999055564
1305031119.379239 -0.067912847 -0.021071155 -0.325203001 0.003756461 -0.028544882 -0.034724358 0.998982131
1305031119.411484 -0.059759468 -0.008379936 -0.327534586 0.002645842 -0.030337222 -0.033951662 0.998959422
1305031119.447706 -0.060146660 0.003029828 -0.331063360 0.001586532 -0.027622217 -0.033224452 0.999064863
1305031119.479267 -0.061231837 0.022470599 -0.333797395 0.004388563 -0.025403105 -0.034041114 0.999087870
1305031119.511240 -0.064288050 0.037784703 -0.340313315 0.002968304 -0.023570789 -0.033086412 0.999170125
1305031119.547382 -0.063776314 0.057248391 -0.340565115 0.003132834 -0.023952976 -0.031588681 0.999208987
1305031119.579559 -0.063721471 0.080564708 -0.343133986 0.003155087 -0.022563368 -0.032226812 0.999220908
1305031119.615017 -0.066132151 0.088378884 -0.345471561 -0.002295427 -0.020174734 -0.030342320 0.999333262
1305031119.647903 -0.068942361 0.114437498 -0.346458137 -0.001781801 -0.018959599 -0.030199140 0.999362469
1305031119.679208 -0.065566339 0.130148694 -0.347171485 -0.005761173 -0.017484123 -0.031582922 0.999331594
1305031119.715232 -0.067791417 0.143894270 -0.346267045 -0.011207035 -0.012228097 -0.029171711 0.999436796
1305031119.747193 -0.071895763 0.152732417 -0.348800421 -0.015873177 -0.010339078 -0.023708779 0.999539435
1305031119.779169 -0.072704799 0.167817816 -0.347640216 -0.018107360 -0.012049764 -0.021439129 0.999533534
1305031119.814537 -0.072119616 0.183810353 -0.349077910 -0.019180987 -0.013082351 -0.018026512 0.999567926
1305031119.847429 -0.068589464 0.194974437 -0.347335339 -0.022042207 -0.013265787 -0.013686811 0.999575317
1305031119.879214 -0.070783056 0.205441266 -0.348773509 -0.022410596 -0.010752947 -0.013183464 0.999604106
1305031119.911401 -0.076573037 0.228944942 -0.351056635 -0.018814892 -0.007431337 -0.012816129 0.999713242
1305031119.947392 -0.074877545 0.240389436 -0.353122652 -0.022838064 -0.006085071 -0.012552134 0.999641836
1305031119.979537 -0.071814209 0.247199401 -0.353321999 -0.025588783 -0.004003367 -0.012821604 0.999582291
1305031120.015264 -0.069426484 0.263091624 -0.353056699 -0.027732039 -0.001959477 -0.011051831 0.999552369
1305031120.047290 -0.081518151 0.261221945 -0.356263161 -0.036818352 0.002716213 -0.009627529 0.999271929
1305031120.079418 -0.084665731 0.260221750 -0.356778085 -0.039454035 0.000888832 -0.007206727 0.999194980
1305031120.115232 -0.082974508 0.269496709 -0.356854826 -0.038573429 -0.001994421 -0.005587880 0.999238193
1305031120.148157 -0.078057811 0.262632877 -0.355972856 -0.042154863 -0.004178658 -0.004660311 0.999091506
1305031120.179246 -0.075494647 0.256393075 -0.353048652 -0.041375957 -0.004663539 -0.002080475 0.999130607
1305031120.215249 -0.073958188 0.246636257 -0.354101807 -0.038308956 -0.005129939 -0.002131815 0.999250531
1305031120.248003 -0.077498764 0.238983095 -0.356206000 -0.035085626 -0.003729328 -0.004367410 0.999367833
1305031120.279430 -0.076830268 0.228744447 -0.354757369 -0.032674067 -0.003022991 -0.006073141 0.999443054
1305031120.315196 -0.077617466 0.216293707 -0.350460768 -0.030502919 -0.002477824 -0.008893888 0.999492049
1305031120.347787 -0.075153485 0.203302369 -0.349541634 -0.027775707 -0.002679290 -0.010014642 0.999560416
1305031120.379437 -0.074699797 0.186750263 -0.347430289 -0.027468234 -0.002888500 -0.010791300 0.999560237
1305031120.415445 -0.067304783 0.155083925 -0.338600069 -0.025596684 -0.005840957 -0.010978447 0.999594986
1305031120.447417 -0.067896716 0.150057957 -0.336537957 -0.016741939 -0.006420481 -0.011373518 0.999774575
1305031120.479432 -0.065134704 0.130490974 -0.330695599 -0.015332205 -0.007959304 -0.011189748 0.999788165
1305031120.514819 -0.067862876 0.115589574 -0.324737936 -0.008547969 -0.009234907 -0.009245378 0.999878049
1305031120.547736 -0.068662889 0.099534042 -0.320680261 -0.002935465 -0.012279755 -0.007166515 0.999894619
1305031120.579551 -0.070353828 0.087966628 -0.320336521 0.000340915 -0.015730338 -0.004749896 0.999864936
1305031120.615236 -0.068621047 0.069450840 -0.314187437 0.002546970 -0.020394869 -0.002482485 0.999785662
1305031120.647354 -0.065954529 0.055831861 -0.308256418 0.007102822 -0.023916207 -0.002143928 0.999686420
1305031120.679318 -0.062684245 0.046361648 -0.302421600 0.010200338 -0.026250415 -0.001433550 0.999602318
1305031120.714522 -0.063494913 0.032207549 -0.298982352 0.011998941 -0.026386239 -0.001031103 0.999579310
1305031120.747369 -0.063220784 0.015366612 -0.295093089 0.012029533 -0.028866544 -0.000922078 0.999510467
1305031120.779894 -0.060444653 -0.001422697 -0.289715201 0.013483628 -0.031465448 -0.000806282 0.999413550
1305031120.814944 -0.059996027 -0.011232249 -0.287891716 0.016665347 -0.031757932 -0.001456450 0.999355555
1305031120.847921 -0.058337547 -0.027835684 -0.283240169 0.014992460 -0.033112813 -0.003505925 0.999333024
1305031120.883435 -0.055354826 -0.045272022 -0.279880404 0.016362999 -0.033156242 -0.005049776 0.999303460
1305031120.915444 -0.058774821 -0.050651103 -0.278411180 0.019357523 -0.030849801 -0.007565617 0.999307930
1305031120.947488 -0.058887947 -0.065084144 -0.275516093 0.019161850 -0.030343592 -0.009217044 0.999313295
1305031120.983366 -0.061456665 -0.078928299 -0.272519082 0.019486737 -0.029747304 -0.011794373 0.999297857
1305031121.015019 -0.060587998 -0.095423393 -0.271091729 0.020099092 -0.030611495 -0.012782469 0.999247491
1305031121.047498 -0.063694753 -0.101804532 -0.270545691 0.022217434 -0.029555654 -0.014032505 0.999217629
1305031121.083099 -0.065616861 -0.124480322 -0.267646581 0.021066159 -0.030656634 -0.015329141 0.999190331
1305031121.114696 -0.065274633 -0.135982409 -0.267959833 0.023830526 -0.032024287 -0.015343395 0.999085128
1305031121.147331 -0.065967746 -0.148828655 -0.266737938 0.025438713 -0.032649312 -0.016110163 0.999013186
1305031121.183271 -0.066752121 -0.161849186 -0.263376325 0.027241739 -0.034075662 -0.016320653 0.998914599
1305031121.211420 -0.062366411 -0.181361392 -0.259993255 0.028269807 -0.034803480 -0.016129544 0.998864055
1305031121.247194 -0.068368696 -0.191636309 -0.261024266 0.030426849 -0.032060385 -0.016839327 0.998880744
1305031121.282876 -0.068889432 -0.209049210 -0.256367266 0.029385542 -0.033722721 -0.015783384 0.998874426
1305031121.313568 -0.067659050 -0.225625739 -0.253498942 0.031776767 -0.034134123 -0.015555998 0.998790801
1305031121.347517 -0.071535602 -0.238297775 -0.253539830 0.033205505 -0.034600805 -0.014365956 0.998746097
1305031121.383226 -0.067010380 -0.256770134 -0.247973204 0.033781987 -0.037024267 -0.013328128 0.998654246
1305031121.414318 -0.069207832 -0.266921043 -0.247003525 0.038857430 -0.035625454 -0.015182897 0.998494029
1305031121.447319 -0.067989983 -0.279597580 -0.243982583 0.039604835 -0.035732247 -0.013786961 0.998481154
1305031121.482964 -0.063920133 -0.297628134 -0.237776697 0.039925531 -0.034650132 -0.012162522 0.998527586
1305031121.514107 -0.071967341 -0.303063542 -0.242190540 0.044341866 -0.031260278 -0.012041316 0.998454630
1305031121.547270 -0.072271675 -0.313460052 -0.243226141 0.043001514 -0.030795941 -0.011825779 0.998530269
1305031121.583204 -0.070317954 -0.331334263 -0.235896140 0.040705554 -0.030183030 -0.012384404 0.998638391
1305031121.614700 -0.071984380 -0.340802491 -0.233819619 0.042330373 -0.027866876 -0.013217988 0.998627484
1305031121.647183 -0.069544710 -0.349802494 -0.231006548 0.042964455 -0.024095709 -0.015634745 0.998663604
1305031121.683200 -0.075671971 -0.364470512 -0.230825573 0.040047538 -0.019066650 -0.017564546 0.998861432
1305031121.714520 -0.078960501 -0.374400318 -0.227771983 0.039250147 -0.017956046 -0.015498656 0.998947859
1305031121.747145 -0.077702492 -0.380139589 -0.223375142 0.038023360 -0.018219179 -0.014594076 0.999004126
1305031121.782835 -0.076280378 -0.394263476 -0.220244184 0.035204507 -0.018220304 -0.012446928 0.999136508
1305031121.811540 -0.072028331 -0.397918761 -0.216640681 0.034577906 -0.018008018 -0.009825380 0.999191463
1305031121.847335 -0.074484266 -0.403739095 -0.214252010 0.032497678 -0.016004819 -0.006951207 0.999319494
1305031121.882060 -0.076145388 -0.410071105 -0.213681817 0.029832963 -0.015835026 -0.001234374 0.999428689
1305031121.914931 -0.077063754 -0.411305606 -0.213440195 0.027569925 -0.017588114 0.001079948 0.999464571
1305031121.947288 -0.074032687 -0.411019683 -0.211507201 0.027755054 -0.020183850 0.000198278 0.999410927
1305031121.982926 -0.073682450 -0.403192431 -0.212332845 0.028644647 -0.019573402 -0.000518159 0.999397874
1305031122.014256 -0.073976934 -0.401046276 -0.213625044 0.027375568 -0.019591760 -0.002063233 0.999431074
1305031122.047306 -0.077935040 -0.388087869 -0.218614504 0.030168578 -0.019442329 -0.006355892 0.999335527
1305031122.082959 -0.075211227 -0.379818112 -0.220692933 0.030368404 -0.020310830 -0.009880164 0.999283552
1305031122.114672 -0.075907230 -0.362650216 -0.225551307 0.032740038 -0.020084880 -0.013493164 0.999170959
1305031122.150725 -0.073271163 -0.351512015 -0.222592711 0.031695742 -0.021015596 -0.018673750 0.999102116
1305031122.183042 -0.072249107 -0.336370945 -0.227405682 0.033339266 -0.019771062 -0.023847261 0.998963952
1305031122.214959 -0.075608380 -0.302147418 -0.234605655 0.034257807 -0.017104821 -0.029688738 0.998825490
1305031122.251319 -0.074492864 -0.295310497 -0.237044707 0.027384734 -0.016499154 -0.032349676 0.998965144
1305031122.283560 -0.079421923 -0.275896251 -0.243845090 0.027430115 -0.016164593 -0.034797199 0.998887122
1305031122.314289 -0.081063807 -0.250707835 -0.244545743 0.022978764 -0.018371934 -0.038926687 0.998808861
1305031122.351327 -0.081018239 -0.232880965 -0.252047181 0.017365191 -0.020268671 -0.041160621 0.998795986
1305031122.382630 -0.086348943 -0.214082107 -0.260724336 0.013726739 -0.020979887 -0.042328533 0.998789132
1305031122.414997 -0.086581506 -0.203365833 -0.262565851 0.009070321 -0.025551070 -0.042478338 0.998729467
1305031122.451257 -0.087634884 -0.186217204 -0.271343529 0.007451148 -0.030036910 -0.041399762 0.998663306
1305031122.483360 -0.089493029 -0.172979727 -0.278672963 0.003948418 -0.034300823 -0.041908041 0.998524725
1305031122.515097 -0.089009784 -0.154835880 -0.284036726 0.003631024 -0.037909843 -0.043638632 0.998321295
1305031122.551490 -0.082184032 -0.139256373 -0.288713664 0.002058240 -0.040332567 -0.045578577 0.998144150
1305031122.583208 -0.082259960 -0.125548899 -0.292815566 0.000674049 -0.038987044 -0.046285827 0.998166919
1305031122.614980 -0.086810187 -0.112531133 -0.297167629 -0.000098401 -0.038452562 -0.045068268 0.998243570
1305031122.648788 -0.087283283 -0.093954690 -0.302698076 0.002039758 -0.040324990 -0.044172507 0.998207629
1305031122.683402 -0.088034868 -0.079414681 -0.308206111 0.002266866 -0.041367173 -0.042691845 0.998228908
1305031122.715208 -0.091143921 -0.063378751 -0.313974768 0.002418459 -0.043611776 -0.040384065 0.998229146
1305031122.751298 -0.087460712 -0.038896292 -0.316758662 0.004683895 -0.046906512 -0.040525299 0.998065889
1305031122.783423 -0.084400877 -0.016452709 -0.319090784 0.003027642 -0.047902085 -0.040523537 0.998025060
1305031122.812555 -0.081081718 -0.005410317 -0.318430394 -0.002297935 -0.047820378 -0.041173771 0.998004317
1305031122.851418 -0.073488154 0.009697514 -0.320532888 -0.003538967 -0.045556322 -0.042668190 0.998043835
1305031122.883754 -0.078336865 0.028863303 -0.322755963 -0.004872203 -0.037983049 -0.042590868 0.998358428
1305031122.914571 -0.083674029 0.033865102 -0.325471878 -0.010139168 -0.034457285 -0.040679302 0.998526454
1305031122.951341 -0.083661556 0.043475393 -0.326787740 -0.011286438 -0.033913095 -0.039348911 0.998586118
1305031122.982815 -0.088273704 0.061887816 -0.329880565 -0.011335890 -0.033125114 -0.035445742 0.998758137
1305031123.015450 -0.086874038 0.067571871 -0.331724197 -0.014726684 -0.034638971 -0.032822751 0.998752177
1305031123.051827 -0.083419494 0.077033348 -0.334814429 -0.014331858 -0.035178710 -0.031083921 0.998794675
1305031123.082975 -0.084313802 0.099749058 -0.335284919 -0.011147357 -0.034110472 -0.029072737 0.998932898
1305031123.113873 -0.084962912 0.115340464 -0.338067859 -0.013286627 -0.032738451 -0.027023291 0.999010205
1305031123.150822 -0.085109130 0.125070438 -0.339165717 -0.016653651 -0.031956710 -0.026469989 0.998999894
1305031123.182155 -0.078975543 0.143016115 -0.339748651 -0.017688464 -0.031807002 -0.026008302 0.998999000
1305031123.214704 -0.079372153 0.159791872 -0.341088235 -0.020828070 -0.026434587 -0.026630592 0.999078691
1305031123.250618 -0.080382973 0.182045490 -0.342697293 -0.024216346 -0.022177653 -0.027333485 0.999086916
1305031123.282347 -0.079569034 0.197490588 -0.337028414 -0.031276181 -0.019333411 -0.024272686 0.999028981
1305031123.311327 -0.079500198 0.213301003 -0.337112188 -0.035227921 -0.015189329 -0.022376940 0.999013305
1305031123.350481 -0.075386114 0.224641457 -0.335009634 -0.039666813 -0.012392644 -0.022398626 0.998884976
1305031123.382255 -0.071394876 0.235144556 -0.333421856 -0.044412713 -0.009051967 -0.018854741 0.998794317
1305031123.411363 -0.069714665 0.242271855 -0.334646314 -0.048815679 -0.004845827 -0.015541668 0.998675108
1305031123.451255 -0.073621579 0.258884162 -0.335234970 -0.048806515 -0.000953768 -0.014222212 0.998706520
1305031123.483594 -0.067843959 0.270806313 -0.334923148 -0.052627608 -0.001137220 -0.009263751 0.998570561
1305031123.511360 -0.068923868 0.280612737 -0.336339355 -0.055791888 0.001031927 -0.005611957 0.998426080
1305031123.551513 -0.068991281 0.294319868 -0.336506665 -0.055955842 0.001101976 -0.003596671 0.998426139
1305031123.579583 -0.068225071 0.295812875 -0.340725988 -0.061132051 0.001713143 0.000171618 0.998128176
1305031123.611335 -0.064292543 0.317749858 -0.338126451 -0.057733379 0.002008769 0.001119160 0.998329401
1305031123.652411 -0.061299700 0.329708576 -0.337299645 -0.060826242 0.003598345 0.000841506 0.998141527
1305031123.683753 -0.062844090 0.339011908 -0.336245537 -0.064578779 0.008056040 0.002585145 0.997876763
1305031123.711323 -0.057968628 0.349863023 -0.336954921 -0.067785874 0.010192079 0.003886259 0.997640312
1305031123.751723 -0.057733458 0.354371995 -0.337662935 -0.071198508 0.012009280 0.006725562 0.997367203
1305031123.783858 -0.058185149 0.359795272 -0.338723481 -0.072364725 0.011816092 0.008492707 0.997272074
1305031123.811608 -0.056091107 0.364156961 -0.339769721 -0.072466128 0.010908149 0.009506975 0.997265935
1305031123.851444 -0.057146542 0.366411686 -0.341292322 -0.072931111 0.011134496 0.011862184 0.997204304
1305031123.883786 -0.060353275 0.340529144 -0.346916527 -0.081897587 0.011151924 0.012494817 0.996500015
1305031123.911243 -0.054708160 0.344102174 -0.346585780 -0.077090330 0.007807234 0.011931561 0.996922135
1305031123.951442 -0.050121270 0.340152055 -0.348587304 -0.077744029 0.005680495 0.013198856 0.996869743
1305031123.983415 -0.053071737 0.340579510 -0.343926758 -0.076584592 0.004006345 0.014852251 0.996944427
1305031124.011302 -0.055617094 0.332244515 -0.340264380 -0.070982605 0.000768819 0.014154735 0.997376800
1305031124.051505 -0.053024471 0.319787651 -0.341012180 -0.069157705 -0.003087537 0.013879409 0.997504413
1305031124.083837 -0.061077192 0.313567579 -0.334749103 -0.066665664 -0.003073696 0.014505541 0.997665226
1305031124.111331 -0.063259490 0.307337582 -0.328754008 -0.058369722 -0.005190631 0.013101941 0.998195529
1305031124.147446 -0.058183558 0.292907536 -0.330696166 -0.055867877 -0.008172394 0.010844980 0.998345852
1305031124.182694 -0.059090044 0.278290153 -0.325858742 -0.055651288 -0.009013003 0.008805661 0.998370767
1305031124.211396 -0.057545800 0.255215466 -0.320442051 -0.052329935 -0.010594736 0.006080722 0.998555124
1305031124.249327 -0.058606889 0.243226796 -0.322869360 -0.048120786 -0.011785011 0.006385687 0.998751581
1305031124.282545 -0.060027801 0.229643673 -0.323122591 -0.048224170 -0.015681984 0.005865128 0.998696208
1305031124.311361 -0.058987819 0.210287750 -0.316850930 -0.045609403 -0.020093685 0.005563383 0.998741746
1305031124.350354 -0.057063416 0.198160857 -0.318331152 -0.040852111 -0.023840828 0.003943513 0.998872936
1305031124.382420 -0.055342875 0.181286603 -0.312820882 -0.038248431 -0.026521066 0.003089718 0.998911500
1305031124.411439 -0.056790635 0.164713368 -0.311018199 -0.033463381 -0.027442981 0.001316741 0.999062240
1305031124.450245 -0.054781474 0.149000257 -0.310820788 -0.027047250 -0.029307632 -0.000284699 0.999204397
1305031124.480099 -0.056915857 0.131116271 -0.309839249 -0.021364270 -0.029744780 -0.003016575 0.999324620
1305031124.511324 -0.059420817 0.118923917 -0.309017479 -0.014352265 -0.030804874 -0.005730397 0.999405921
1305031124.550437 -0.059674311 0.102225557 -0.308892608 -0.010916239 -0.032398082 -0.008065639 0.999382913
1305031124.579404 -0.061539412 0.084928229 -0.309356332 -0.007248789 -0.034003291 -0.011106768 0.999333739
1305031124.611358 -0.060251243 0.063568562 -0.304935813 -0.003630542 -0.036982223 -0.013540006 0.999217570
1305031124.651271 -0.062491119 0.050090637 -0.302058786 0.000561188 -0.038696378 -0.015609276 0.999128938
1305031124.679362 -0.058070190 0.029124284 -0.297183216 0.003260051 -0.041711252 -0.016601317 0.998986423
1305031124.711251 -0.057764485 0.013502216 -0.294478476 0.007643444 -0.041807983 -0.018876554 0.998918056
1305031124.749890 -0.058428414 -0.006428149 -0.289791822 0.008907946 -0.041913085 -0.020402063 0.998873174
1305031124.779365 -0.061836082 -0.022570558 -0.286985576 0.012648405 -0.042159073 -0.021084171 0.998808324
1305031124.811360 -0.059593953 -0.039520361 -0.282561511 0.014331874 -0.043891869 -0.021339260 0.998705506
1305031124.850535 -0.060665831 -0.058870137 -0.274747849 0.014267217 -0.045024361 -0.022260457 0.998635888
1305031124.879355 -0.052944615 -0.082057267 -0.269223928 0.014966622 -0.047049750 -0.022819186 0.998519659
1305031124.911448 -0.054937989 -0.093376368 -0.265849560 0.017283635 -0.043784115 -0.022734391 0.998632729
1305031124.950730 -0.057079040 -0.109915711 -0.258076847 0.014555838 -0.041878536 -0.023056259 0.998750567
1305031124.979438 -0.060564142 -0.137977734 -0.251238048 0.013813393 -0.040492870 -0.021926060 0.998843729
1305031125.011454 -0.065123804 -0.151344016 -0.248139396 0.018996794 -0.042141091 -0.020803532 0.998714387
1305031125.050763 -0.057410501 -0.160521671 -0.242817044 0.021505771 -0.046114743 -0.019694347 0.998510420
1305031125.079364 -0.058698945 -0.179114833 -0.235998496 0.019848328 -0.045128006 -0.016561832 0.998646677
1305031125.111364 -0.060131542 -0.198470086 -0.231068015 0.020008642 -0.046201672 -0.015488089 0.998611629
1305031125.151013 -0.058301862 -0.209806234 -0.230021775 0.024355203 -0.046642680 -0.018008169 0.998452306
1305031125.179353 -0.060303472 -0.215152457 -0.228249297 0.025013279 -0.043623187 -0.016713094 0.998595059
1305031125.211320 -0.060681164 -0.234632343 -0.221902788 0.020835534 -0.042748731 -0.016504034 0.998732209
1305031125.250632 -0.062618643 -0.255755931 -0.217949808 0.021328337 -0.042463660 -0.018828446 0.998692870
1305031125.279467 -0.064304091 -0.263734639 -0.218277276 0.024426771 -0.041976683 -0.020173116 0.998616219
1305031125.311493 -0.063878968 -0.278700382 -0.211269021 0.024109093 -0.040709928 -0.019190809 0.998695731
1305031125.348880 -0.069688238 -0.287629962 -0.212255582 0.027972436 -0.038143024 -0.022453796 0.998628318
1305031125.379401 -0.063780114 -0.293664634 -0.207641333 0.028177029 -0.037059769 -0.025825024 0.998581827
1305031125.411335 -0.063719302 -0.299118340 -0.201927885 0.028771551 -0.030918200 -0.026004851 0.998769224
1305031125.451195 -0.068384767 -0.310323656 -0.202398345 0.025419673 -0.024563769 -0.028535970 0.998967528
1305031125.479424 -0.067181379 -0.323068142 -0.197106704 0.025282940 -0.021016281 -0.029453034 0.999025345
1305031125.511316 -0.068590380 -0.327994585 -0.196225628 0.025223112 -0.017143292 -0.030127177 0.999080718
1305031125.551020 -0.069148257 -0.330795884 -0.194390818 0.024750123 -0.013707993 -0.031940114 0.999089241
1305031125.579308 -0.067128509 -0.335172951 -0.193084821 0.022895340 -0.010616467 -0.033694107 0.999113500
1305031125.611533 -0.067706347 -0.345182955 -0.192430720 0.022094145 -0.007494264 -0.033481695 0.999166965
1305031125.650575 -0.074371174 -0.350330979 -0.200231165 0.025390370 -0.006271331 -0.029856589 0.999211967
1305031125.679328 -0.082695559 -0.334877163 -0.208289385 0.031795584 -0.008536479 -0.029937813 0.999009430
1305031125.711443 -0.075529419 -0.336940855 -0.208160162 0.032014139 -0.015956758 -0.027988192 0.998968005
1305031125.751260 -0.073589668 -0.319460094 -0.215412170 0.038198464 -0.018413678 -0.027436586 0.998723745
1305031125.779348 -0.074353628 -0.307851434 -0.218058810 0.038526449 -0.018867051 -0.030713921 0.998607218
1305031125.811573 -0.071342565 -0.293012679 -0.223322600 0.039401565 -0.018718300 -0.031668507 0.998546064
1305031125.847412 -0.071578898 -0.281238467 -0.226503670 0.037498906 -0.017076351 -0.033812597 0.998578489
1305031125.879318 -0.076571971 -0.267031103 -0.232712314 0.037723333 -0.016613217 -0.034044150 0.998569965
1305031125.911305 -0.081807107 -0.249759227 -0.241970256 0.034821585 -0.018564790 -0.033587221 0.998656452
1305031125.947343 -0.085216552 -0.239742413 -0.247824639 0.031294111 -0.024368584 -0.030932805 0.998734236
1305031125.979324 -0.083272070 -0.220181465 -0.252235532 0.031990021 -0.032388542 -0.029177407 0.998537064
1305031126.011333 -0.073200449 -0.200908169 -0.246265262 0.030226523 -0.040418852 -0.027984053 0.998333395
1305031126.047324 -0.066304818 -0.179586545 -0.246188104 0.028453643 -0.042945895 -0.027797054 0.998285174
1305031126.079356 -0.064211503 -0.161198467 -0.248466924 0.024496676 -0.041600998 -0.027168596 0.998464406
1305031126.111370 -0.061879970 -0.148693442 -0.248731896 0.019792452 -0.041145973 -0.026287368 0.998611152
1305031126.147432 -0.060887065 -0.121688843 -0.248779491 0.019714113 -0.040115822 -0.024983391 0.998688102
1305031126.179384 -0.061272282 -0.100148827 -0.250901133 0.013838330 -0.040197544 -0.024184447 0.998803139
1305031126.211319 -0.058654308 -0.089883849 -0.252727747 0.008426882 -0.040803637 -0.024508776 0.998830974
1305031126.247298 -0.057200521 -0.062169008 -0.249846503 0.007921900 -0.039887194 -0.024310013 0.998876989
1305031126.279363 -0.055194691 -0.045185253 -0.250614017 0.004040487 -0.038309589 -0.024522332 0.998956800
1305031126.311332 -0.053460740 -0.021030188 -0.251982570 0.001489991 -0.035327185 -0.026151283 0.999032497
1305031126.347363 -0.054609332 -0.008523433 -0.253887743 -0.003703436 -0.031013157 -0.026741646 0.999154329
1305031126.379423 -0.055381592 0.008082706 -0.255354017 -0.006877254 -0.028024407 -0.027164139 0.999214470
1305031126.411465 -0.055038586 0.026736101 -0.258276939 -0.010405257 -0.026326107 -0.029100668 0.999175608
1305031126.447361 -0.058020413 0.038671020 -0.259713978 -0.015063631 -0.023927394 -0.028582320 0.999191523
1305031126.479533 -0.062592983 0.054101653 -0.263277858 -0.016768616 -0.023029074 -0.025503252 0.999268770
1305031126.511410 -0.058916688 0.074288659 -0.266302735 -0.019082842 -0.025856664 -0.023648284 0.999203742
1305031126.547374 -0.053011116 0.089737721 -0.266448289 -0.024204325 -0.027599737 -0.023509676 0.999049425
1305031126.579454 -0.051991597 0.103795469 -0.268693805 -0.027767079 -0.025438555 -0.021805998 0.999052763
1305031126.611528 -0.052601360 0.116932102 -0.270189464 -0.032361012 -0.023232015 -0.020338230 0.998999238
1305031126.647376 -0.046924472 0.122545205 -0.268802434 -0.037152939 -0.023100695 -0.017768055 0.998884559
1305031126.679479 -0.046480782 0.131858587 -0.272848904 -0.038733099 -0.020891270 -0.013298405 0.998942673
1305031126.711583 -0.045731433 0.142136440 -0.275665641 -0.041002918 -0.019323450 -0.009841621 0.998923659
1305031126.747316 -0.044329181 0.146266669 -0.277215928 -0.042309601 -0.017844863 -0.006521084 0.998923898
1305031126.779379 -0.041623794 0.154233202 -0.280403465 -0.041808281 -0.017652066 -0.003521060 0.998963535
1305031126.811602 -0.037774067 0.161087707 -0.282873511 -0.041625876 -0.016175508 -0.003022787 0.998997748
1305031126.847343 -0.034916405 0.164674237 -0.285867870 -0.042398553 -0.013226767 -0.001973192 0.999011278
1305031126.879357 -0.037261281 0.169938117 -0.289096683 -0.042465180 -0.010162329 -0.001282933 0.999045432
1305031126.911364 -0.035776921 0.172145903 -0.289194018 -0.042591393 -0.008306889 -0.001955923 0.999056101
1305031126.947437 -0.033779237 0.173827186 -0.291996449 -0.043504734 -0.008112333 0.000241949 0.999020219
1305031126.979337 -0.036216430 0.175317198 -0.291795343 -0.043169726 -0.008253612 0.001290664 0.999032795
1305031127.011371 -0.035575051 0.173362628 -0.292811036 -0.042440753 -0.009109291 0.001610779 0.999056160
1305031127.047297 -0.034239106 0.174704224 -0.293795913 -0.041329041 -0.009916544 0.002596490 0.999092996
1305031127.079299 -0.034364928 0.173321366 -0.292772472 -0.041844137 -0.010424466 0.002695342 0.999066114
1305031127.111435 -0.036061227 0.167360857 -0.293506354 -0.043022361 -0.012285667 0.003656306 0.998991847
1305031127.147307 -0.040187180 0.160854414 -0.294866234 -0.042954262 -0.014316206 0.003635122 0.998967826
1305031127.179349 -0.038742334 0.163531393 -0.292715490 -0.039304160 -0.017759025 0.002666067 0.999065876
1305031127.211700 -0.036756806 0.162010014 -0.290042788 -0.038212597 -0.019686425 0.002313456 0.999073029
1305031127.247374 -0.035634041 0.151765928 -0.289239198 -0.038481712 -0.020205939 0.001662050 0.999053597
1305031127.279465 -0.037232541 0.152525529 -0.288891554 -0.035281606 -0.019856095 0.000603837 0.999179959
1305031127.311362 -0.039351575 0.146485731 -0.288001955 -0.036357686 -0.020272071 -0.000055826 0.999133170
1305031127.347356 -0.037420731 0.135518536 -0.283956856 -0.036348071 -0.022676272 -0.000455412 0.999081790
1305031127.379262 -0.038755454 0.136211321 -0.283213109 -0.032737844 -0.023425849 -0.001099846 0.999188781
1305031127.411371 -0.039715014 0.134717077 -0.281189561 -0.032012932 -0.024385681 -0.001754502 0.999188364
1305031127.447333 -0.040061891 0.125403240 -0.278205723 -0.032798931 -0.025725208 -0.002166217 0.999128520
1305031127.479362 -0.041164532 0.127952397 -0.276790887 -0.029664986 -0.026592953 -0.003128581 0.999201179
1305031127.511356 -0.042759888 0.126467228 -0.274676204 -0.030596131 -0.027299469 -0.004215099 0.999150038
1305031127.547348 -0.040283352 0.117511652 -0.272207707 -0.032169960 -0.029103307 -0.004200943 0.999049783
1305031127.579345 -0.043014124 0.119629547 -0.271987438 -0.029320754 -0.028728282 -0.004793822 0.999145627
1305031127.611271 -0.044810779 0.119869336 -0.270941257 -0.029470464 -0.028633526 -0.005278747 0.999141514
1305031127.647358 -0.042415556 0.113702439 -0.268986702 -0.031470936 -0.029845476 -0.003589537 0.999052525
1305031127.679298 -0.043569401 0.113115959 -0.268082976 -0.029458776 -0.029981369 -0.003116651 0.999111414
1305031127.711375 -0.042555746 0.114129946 -0.267867982 -0.028837960 -0.031210389 -0.003550006 0.999090433
1305031127.747304 -0.043902509 0.113081366 -0.266730309 -0.029668657 -0.031175850 -0.003518107 0.999067307
1305031127.779346 -0.044814195 0.112472408 -0.265080035 -0.027986268 -0.031242039 -0.003436629 0.999114037
1305031127.811829 -0.044544309 0.112645574 -0.265442073 -0.026573373 -0.031734873 -0.004368366 0.999133468
1305031127.847366 -0.044818003 0.112347037 -0.264948815 -0.026738124 -0.031786352 -0.005285969 0.999122977
1305031127.879380 -0.045459352 0.104472563 -0.267620444 -0.029121282 -0.031938769 -0.005567377 0.999049962
1305031127.911476 -0.048212346 0.106354430 -0.267253518 -0.028079582 -0.032038633 -0.006030492 0.999073923
1305031127.947366 -0.049581092 0.107484490 -0.267206490 -0.028412461 -0.032429136 -0.006244714 0.999050617
1305031127.979371 -0.048628017 0.105503105 -0.264269173 -0.030345276 -0.033610459 -0.006258558 0.998954654
1305031128.011427 -0.045790322 0.106274724 -0.262574613 -0.031036668 -0.034488883 -0.006340900 0.998902917
1305031128.047369 -0.044770449 0.100817874 -0.257959187 -0.034559373 -0.033795465 -0.005010224 0.998818517
1305031128.079334 -0.045182314 0.096803017 -0.256039351 -0.034884211 -0.033445977 -0.004245321 0.998822510
1305031128.111391 -0.046343468 0.096841961 -0.255252004 -0.033914052 -0.033312894 -0.003675783 0.998862624
1305031128.147418 -0.044509932 0.094761029 -0.253248811 -0.035054434 -0.033962183 -0.001923100 0.998806298
1305031128.179350 -0.040768124 0.086333938 -0.250009120 -0.036267668 -0.035224319 -0.000535476 0.998721004
1305031128.211447 -0.044085696 0.090756424 -0.251694530 -0.032714132 -0.034058906 -0.000734468 0.998884022
1305031128.247480 -0.043624677 0.090872273 -0.251932025 -0.033195820 -0.034709860 -0.000165893 0.998845935
1305031128.279336 -0.041720014 0.086465374 -0.248416856 -0.034197330 -0.035815895 -0.000138829 0.998773098
1305031128.311483 -0.044047058 0.088295639 -0.250104338 -0.032290701 -0.035070997 -0.001154319 0.998862386
1305031128.347423 -0.045310300 0.088684022 -0.250140160 -0.032154277 -0.034782030 -0.001944722 0.998875618
1305031128.379404 -0.045798056 0.086695142 -0.249993548 -0.032670580 -0.035014655 -0.003672394 0.998845875
1305031128.411337 -0.045688748 0.084754460 -0.250477582 -0.032523535 -0.035179775 -0.004585432 0.998841107
1305031128.447296 -0.046470657 0.085586108 -0.251912236 -0.031913828 -0.034918495 -0.005588653 0.998864889
1305031128.479296 -0.046974815 0.084697753 -0.251014829 -0.032110233 -0.035056915 -0.006720887 0.998846710
1305031128.511433 -0.045872223 0.083387956 -0.251004219 -0.031881928 -0.035257872 -0.007627809 0.998840451
1305031128.547399 -0.046232380 0.081504069 -0.251088023 -0.032277890 -0.034562096 -0.008097898 0.998848319
1305031128.579455 -0.045219272 0.078311138 -0.250752330 -0.032459784 -0.034412906 -0.008383957 0.998845279
1305031128.611395 -0.048989318 0.079337172 -0.252434790 -0.030640179 -0.033423100 -0.007978879 0.998939633
1305031128.647352 -0.050142314 0.078762859 -0.254164577 -0.030375430 -0.034372870 -0.007945488 0.998915792
1305031128.679282 -0.048846442 0.076121509 -0.254465520 -0.030617300 -0.036107730 -0.008271412 0.998844504
1305031128.711457 -0.046678931 0.075481847 -0.254132152 -0.029609818 -0.036683906 -0.008943629 0.998848081
1305031128.747363 -0.045867555 0.077294186 -0.254775524 -0.028285641 -0.035903979 -0.010033568 0.998904467
