1305031109.575362 -0.032276794 0.002226095 -0.004939358 0.003260358 -0.003165806 -0.007364009 0.999962568
1305031109.611310 -0.043143488 0.003151697 -0.006555716 0.002904843 -0.004551330 -0.009626234 0.999939084
1305031109.643229 -0.053242225 0.006877512 -0.009435974 0.003486390 -0.005663104 -0.010268051 0.999925196
1305031109.675263 -0.065744683 0.009752646 -0.011793942 0.001705312 -0.005449355 -0.008342934 0.999948919
1305031109.711312 -0.078599252 0.013089820 -0.010063497 -0.000539534 -0.007141259 -0.009449082 0.999929726
1305031109.743274 -0.090515807 0.013230118 -0.012541926 -0.005322698 -0.009117672 -0.011029881 0.999883473
1305031109.775277 -0.096751250 0.011789386 -0.010024663 -0.009147293 -0.012070644 -0.010421976 0.999830961
1305031109.811371 -0.108923845 0.015283579 -0.009112302 -0.010585000 -0.012335730 -0.011162089 0.999805570
1305031109.843296 -0.122291207 0.018079553 -0.007895170 -0.013209559 -0.013704236 -0.012037798 0.999746323
1305031109.875306 -0.137384176 0.017235374 -0.010506410 -0.017721098 -0.015257191 -0.014783315 0.999617279
1305031109.911265 -0.149233446 0.015398733 -0.006841280 -0.019744270 -0.020477191 -0.020091007 0.999393404
1305031109.943299 -0.149772182 0.024027389 -0.002374335 -0.018753046 -0.026319340 -0.023023793 0.999212444
1305031109.975258 -0.162741020 0.023924202 -0.000028418 -0.023173500 -0.027287712 -0.028314661 0.998957753
1305031110.011256 -0.173207790 0.026380733 0.002859583 -0.024742361 -0.028987113 -0.035606850 0.998638928
1305031110.043299 -0.184148774 0.027263412 0.003972815 -0.027057553 -0.029182721 -0.042573199 0.998300433
1305031110.075319 -0.195545644 0.030158356 0.007263600 -0.028444082 -0.029155888 -0.047752548 0.998028338
1305031110.111325 -0.205816805 0.029259766 0.009135429 -0.033927679 -0.030798888 -0.052191522 0.997585237
1305031110.143432 -0.218065277 0.025858376 0.011591813 -0.036653619 -0.033330385 -0.056410987 0.997177660
1305031110.175641 -0.226416335 0.030657239 0.010960136 -0.037285946 -0.036807433 -0.057508145 0.996969283
1305031110.211637 -0.236411989 0.029021850 0.012610851 -0.041722830 -0.039176758 -0.059657469 0.996576846
1305031110.243323 -0.245390043 0.027317105 0.014642779 -0.042982619 -0.043404575 -0.059125111 0.996379852
1305031110.279321 -0.255364895 0.028035084 0.015337236 -0.041328575 -0.046461057 -0.060174275 0.996249199
1305031110.311404 -0.267682254 0.030973796 0.013837485 -0.037858494 -0.048090987 -0.062339015 0.996176660
1305031110.343355 -0.276583552 0.033636730 0.014056450 -0.036653627 -0.052671876 -0.063614368 0.995909393
1305031110.379281 -0.279503137 0.028494187 0.006055869 -0.038702294 -0.058492266 -0.066547625 0.995315135
1305031110.411469 -0.289713144 0.036725253 0.005640563 -0.036016196 -0.064100266 -0.069840357 0.994844854
1305031110.443260 -0.306350440 0.041318484 0.009609457 -0.039168742 -0.068317875 -0.073836870 0.994156182
1305031110.479331 -0.316508263 0.039949115 0.011928599 -0.042647086 -0.074811421 -0.079957835 0.993071556
1305031110.511429 -0.322159022 0.036479499 0.004625600 -0.045691192 -0.081103250 -0.083566681 0.992144763
1305031110.543408 -0.331563354 0.041861031 0.002963185 -0.046190139 -0.086509474 -0.086679280 0.991397679
1305031110.579426 -0.342130184 0.050279703 0.010259844 -0.047517940 -0.093180388 -0.092223771 0.990229368
1305031110.611307 -0.348120332 0.045545254 0.013599873 -0.053738467 -0.097722940 -0.095548496 0.989157677
1305031110.643418 -0.351838082 0.041661240 0.008374035 -0.054094780 -0.098657623 -0.098572031 0.988748729
1305031110.679606 -0.358481795 0.049381364 0.005503625 -0.051697936 -0.099790372 -0.100869469 0.988531530
1305031110.711412 -0.361809731 0.047001630 0.008571118 -0.055872966 -0.099671461 -0.101112589 0.988291502
1305031110.743249 -0.366334140 0.046287108 0.007729933 -0.056580249 -0.101098433 -0.102748774 0.987937510
1305031110.779193 -0.367149323 0.047990683 0.008330055 -0.056117807 -0.103861444 -0.103143163 0.987636089
1305031110.811386 -0.370510042 0.048148006 0.006662436 -0.056979336 -0.103443205 -0.105065458 0.987428010
1305031110.843218 -0.372326940 0.047855183 0.007213295 -0.058803167 -0.105635203 -0.106808990 0.986901820
1305031110.879313 -0.372239530 0.048228338 0.008308291 -0.058587406 -0.107651226 -0.107026942 0.986673176
1305031110.911333 -0.371849269 0.046383433 0.007605769 -0.060439471 -0.108856507 -0.107033238 0.986428499
1305031110.943862 -0.367621452 0.048988812 0.009328075 -0.059068598 -0.111797571 -0.108283527 0.986046076
1305031110.979345 -0.360731930 0.052526545 0.011788435 -0.057557315 -0.111831859 -0.109558620 0.985990763
1305031111.011431 -0.352844566 0.051425979 0.014499046 -0.058951139 -0.108523726 -0.108793043 0.986362755
1305031111.043327 -0.350786060 0.051371522 0.014166169 -0.057858743 -0.101531088 -0.106236771 0.987450004
1305031111.079283 -0.343710035 0.051957753 0.012946665 -0.059390727 -0.099780411 -0.103474349 0.987830818
1305031111.111508 -0.332329243 0.046856556 0.015195742 -0.062299490 -0.100340225 -0.099386670 0.988014638
1305031111.143257 -0.331780732 0.047510654 0.016825184 -0.059765395 -0.094148055 -0.099892586 0.988729358
1305031111.179326 -0.314678818 0.046633910 0.017820977 -0.056945521 -0.095796369 -0.098633103 0.988863885
1305031111.211433 -0.304734021 0.045423698 0.016204931 -0.055300113 -0.088145465 -0.094638303 0.990058541
1305031111.243236 -0.300747007 0.041216247 0.015637431 -0.055987600 -0.083916947 -0.094359659 0.990413845
1305031111.279308 -0.285234600 0.036497895 0.020035967 -0.052972488 -0.085213609 -0.092430860 0.990650833
1305031111.311547 -0.282890856 0.043677814 0.012686860 -0.046436023 -0.076541357 -0.089379199 0.991965950
1305031111.343397 -0.278557688 0.044444866 0.013250601 -0.049611110 -0.077713914 -0.089653559 0.991696298
1305031111.379134 -0.259931862 0.033315644 0.019939117 -0.052643891 -0.085187860 -0.085156672 0.991322339
1305031111.411296 -0.256826848 0.038692117 0.018360067 -0.045458622 -0.083295807 -0.085417822 0.991816103
1305031111.443386 -0.237780839 0.034233414 0.021277152 -0.047292333 -0.092419624 -0.089569010 0.990555108
1305031111.479259 -0.217806250 0.030085977 0.025610030 -0.044665474 -0.091770649 -0.087862737 0.990890145
1305031111.511264 -0.210964829 0.032124653 0.024235941 -0.038646575 -0.079250157 -0.087371126 0.992266178
1305031111.543250 -0.198386893 0.027425805 0.026537718 -0.035902388 -0.074439682 -0.086166978 0.992846906
1305031111.579237 -0.188108072 0.027171522 0.017707730 -0.032584514 -0.064122371 -0.079101473 0.994268298
1305031111.611271 -0.179280847 0.021474669 0.016891770 -0.035746787 -0.061678689 -0.073280707 0.994760215
1305031111.643395 -0.163079262 0.014603516 0.023956712 -0.034363076 -0.067529403 -0.064500414 0.995037019
1305031111.679320 -0.148675188 0.018952556 0.020196870 -0.027454346 -0.060572401 -0.055281613 0.996253550
1305031111.711760 -0.137882054 0.018959852 0.025385482 -0.026041089 -0.053209610 -0.054483868 0.996755779
1305031111.743386 -0.116951890 0.008559190 0.021996969 -0.025731120 -0.046629477 -0.051276781 0.997263372
1305031111.779423 -0.108295873 0.012206038 0.021672286 -0.020296834 -0.026906278 -0.046035659 0.998371065
1305031111.811406 -0.103205152 0.012366723 0.021634718 -0.015827695 -0.010986769 -0.046484046 0.998733163
1305031111.843299 -0.090194955 0.011617166 0.024838138 -0.013281220 -0.004729275 -0.041693430 0.999030948
1305031111.879442 -0.085576154 0.014387657 0.026579406 -0.012201244 0.003549830 -0.037182372 0.999227703
1305031111.911354 -0.084429726 0.008047291 0.024612166 -0.013651595 0.005784504 -0.032408923 0.999364734
1305031111.943300 -0.068609700 0.008497932 0.027645182 -0.011360520 -0.000622749 -0.023842765 0.999651015
1305031111.979449 -0.048551645 0.007513438 0.029851872 -0.010838254 -0.002847314 -0.016258117 0.999805033
1305031112.011433 -0.029305546 0.001601962 0.029085888 -0.010768631 0.000541272 -0.016205138 0.999810517
1305031112.043270 -0.022375455 0.001530252 0.024344854 -0.006460426 0.010411619 -0.017793590 0.999766588
1305031112.079339 -0.007659921 -0.000460821 0.026630815 -0.004643789 0.020443400 -0.017372131 0.999629319
1305031112.111423 -0.007173881 0.002828312 0.027637564 0.000359375 0.031647813 -0.023342375 0.999226391
1305031112.144342 0.011986136 0.003057454 0.026089810 0.001043860 0.032828398 -0.028906239 0.999042332
1305031112.179390 0.031608731 -0.000942406 0.022290535 -0.002279996 0.042190801 -0.030632131 0.998637319
1305031112.211254 0.026375946 -0.007972180 0.027040998 -0.003995841 0.057660442 -0.036970336 0.997643471
1305031112.243369 0.040647656 -0.009319246 0.029160023 0.002681157 0.065429755 -0.040717766 0.997022450
1305031112.279353 0.044565137 -0.010651984 0.028704416 0.007957367 0.072807029 -0.044150095 0.996336579
1305031112.311312 0.051236413 -0.014547105 0.030066190 0.012990028 0.075712934 -0.045556083 0.996003747
1305031112.343323 0.063288614 -0.015314196 0.028267704 0.019556513 0.074199632 -0.044194773 0.996071696
1305031112.379360 0.068300664 -0.014425197 0.025712136 0.024022536 0.073136397 -0.039002359 0.996269464
1305031112.411442 0.073994368 -0.012957058 0.026903380 0.027239297 0.072728306 -0.035262555 0.996355951
1305031112.443391 0.090029500 -0.017314382 0.024270918 0.028060028 0.067955069 -0.028640879 0.996882319
1305031112.479418 0.096884757 -0.014528235 0.023700632 0.032458555 0.066214539 -0.019648965 0.997083724
1305031112.511504 0.101865813 -0.017783815 0.024514409 0.033231732 0.063841827 -0.012107791 0.997333050
1305031112.543212 0.109916136 -0.018009866 0.023010446 0.035952445 0.060179789 -0.008236235 0.997505903
1305031112.579252 0.118251964 -0.018161302 0.022172937 0.037760798 0.056326117 -0.002018564 0.997696042
1305031112.611261 0.132590443 -0.014333066 0.022022247 0.039293896 0.053363629 0.003709816 0.997794867
1305031112.643246 0.138871491 -0.013303829 0.024709811 0.037074652 0.059163608 0.012873836 0.997476518
1305031112.679952 0.140362233 -0.013690457 0.026473394 0.035340503 0.066050634 0.015483906 0.997070014
1305031112.711251 0.143643916 -0.013086818 0.024572764 0.033575717 0.069633842 0.018164136 0.996841967
1305031112.743245 0.144669384 -0.003609788 0.027264437 0.032341726 0.073516645 0.021741221 0.996532321
1305031112.779310 0.143347636 -0.010963397 0.027461132 0.021805100 0.077913307 0.023789251 0.996437728
1305031112.811310 0.132112682 -0.012634841 0.033884533 0.019617857 0.081619561 0.021922655 0.996229291
1305031112.843286 0.129835144 -0.007546341 0.031669289 0.018765682 0.076562181 0.019312026 0.996701121
1305031112.879421 0.132185876 -0.006232248 0.031480856 0.015621901 0.071692318 0.022512799 0.997050345
1305031112.911411 0.122676060 -0.007509520 0.033811055 0.011923341 0.070883207 0.023459647 0.997137427
1305031112.943321 0.115877591 -0.009884028 0.036036659 0.009112578 0.066683128 0.022253169 0.997484386
1305031112.979278 0.114862986 -0.008457518 0.032118402 0.009107562 0.058937080 0.020209754 0.998015583
1305031113.011353 0.110912524 -0.004916961 0.029484106 0.008396604 0.055383854 0.019855477 0.998232365
1305031113.043231 0.103302345 -0.006156928 0.030835647 0.003342044 0.054429449 0.016948503 0.998368204
1305031113.079251 0.088537887 -0.015191370 0.030748062 -0.000705502 0.055113800 0.010828014 0.998421133
1305031113.111316 0.082649417 -0.007724459 0.027138302 0.004747767 0.048531078 0.006809230 0.998787165
1305031113.143306 0.077509314 -0.002352731 0.024654733 0.003809043 0.044652782 0.005597914 0.998979628
1305031113.179343 0.065402240 -0.006383104 0.026518907 -0.000179108 0.044483226 0.006931272 0.998986065
1305031113.211259 0.051006239 -0.003118067 0.025583707 0.003312400 0.040566672 0.008423163 0.999135852
1305031113.243227 0.038349502 -0.000109290 0.020450901 0.001627912 0.034868803 0.008603411 0.999353528
1305031113.279312 0.030916927 -0.004974418 0.021867234 -0.002237396 0.028480470 0.010802173 0.999533474
1305031113.311452 0.020022085 -0.010446274 0.019843245 0.000029813 0.021740498 0.011967309 0.999692023
1305031113.343252 0.006198314 -0.004829124 0.015264412 0.006779476 0.011951002 0.011254523 0.999842227
1305031113.379312 -0.005557672 -0.000914688 0.017714275 0.004734769 0.003030188 0.007980787 0.999952376
1305031113.411625 -0.019790079 -0.007326857 0.017322682 0.002705279 -0.002626959 0.008768789 0.999954402
1305031113.443266 -0.033851191 -0.001263379 0.016376272 0.006646169 -0.008925073 0.002393195 0.999935210
1305031113.479311 -0.049028832 -0.001528549 0.016958376 0.002158285 -0.014261691 -0.003848555 0.999888539
1305031113.511523 -0.064844541 0.000495992 0.018797318 -0.000625622 -0.018501276 -0.006189953 0.999809444
1305031113.543242 -0.077558279 -0.001429843 0.018531730 -0.003356082 -0.024089094 -0.009501970 0.999659002
1305031113.579301 -0.088694379 0.001965957 0.019434977 -0.002272704 -0.029473523 -0.014630333 0.999455929
1305031113.611268 -0.101303346 0.003217004 0.019681184 -0.004753150 -0.031352229 -0.018873692 0.999318898
1305031113.643222 -0.112036780 0.003212905 0.019056287 -0.007583110 -0.031397182 -0.023433471 0.999203503
1305031113.679288 -0.122108668 0.001382761 0.019413553 -0.009658532 -0.031372041 -0.026093004 0.999120474
1305031113.711931 -0.132262796 0.003858776 0.019779820 -0.008438718 -0.030712506 -0.031105986 0.999008477
1305031113.743590 -0.141960576 0.002920746 0.018840980 -0.008576076 -0.028188407 -0.036672983 0.998892903
1305031113.779320 -0.153916478 0.000408829 0.019387018 -0.008786842 -0.025214277 -0.040454205 0.998824537
1305031113.811237 -0.165216938 0.003687159 0.019482400 -0.006583417 -0.023795741 -0.042324014 0.998798847
1305031113.843295 -0.174665868 0.005661938 0.019252788 -0.006942385 -0.021866435 -0.045532424 0.998699427
1305031113.879281 -0.191415653 0.000921659 0.019418266 -0.007084592 -0.019669646 -0.051072102 0.998476088
1305031113.911290 -0.199780822 0.005987909 0.019242978 -0.002582950 -0.021637961 -0.051569868 0.998431623
1305031113.943291 -0.209301740 0.006504774 0.021296246 0.000001489 -0.019935966 -0.053935356 0.998345375
1305031113.979293 -0.222356990 0.005548734 0.019884001 0.002500446 -0.017110085 -0.058725037 0.998124421
1305031114.011257 -0.235879615 0.008223758 0.019190300 0.006280264 -0.015331211 -0.063432284 0.997848570
1305031114.043301 -0.250729144 0.010694581 0.019896254 0.008315029 -0.016582206 -0.065682270 0.997668147
1305031114.079285 -0.261789232 0.007338494 0.018012837 0.008605477 -0.022157712 -0.066054448 0.997532845
1305031114.111263 -0.271303177 0.011870655 0.018685009 0.012012863 -0.027963245 -0.069678806 0.997105122
1305031114.143284 -0.280897528 0.013942226 0.020950798 0.012498848 -0.033119462 -0.073015586 0.996702373
1305031114.179337 -0.288650125 0.009102987 0.020866401 0.012984167 -0.036320724 -0.074914537 0.996443689
1305031114.211303 -0.301549464 0.019135986 0.021278169 0.017886030 -0.035301171 -0.078056790 0.996163189
1305031114.243337 -0.315255105 0.017926270 0.021614805 0.014691666 -0.036540039 -0.081727535 0.995876253
1305031114.279390 -0.331894100 0.017077427 0.018125733 0.013545771 -0.039884172 -0.084537409 0.995529592
1305031114.311429 -0.336030364 0.021720583 0.023149800 0.013897904 -0.051045995 -0.083886862 0.995069921
1305031114.343331 -0.341620624 0.022966219 0.025748987 0.013231010 -0.057781290 -0.086934134 0.994448960
1305031114.379320 -0.347514123 0.021732926 0.027775776 0.012588690 -0.060637236 -0.090732239 0.993947864
1305031114.411397 -0.360326260 0.020430638 0.025804680 0.012516358 -0.059722893 -0.095042795 0.993601203
1305031114.443345 -0.371780872 0.021511713 0.024504758 0.012138396 -0.062881462 -0.096965685 0.993225217
1305031114.479332 -0.380633116 0.020195520 0.023895424 0.010817964 -0.069822602 -0.097982474 0.992676795
1305031114.511266 -0.385877877 0.023411721 0.027005468 0.010956541 -0.078324907 -0.100558266 0.991782844
1305031114.543236 -0.387976378 0.022743450 0.029684007 0.007896453 -0.083353035 -0.099475510 0.991511226
1305031114.579237 -0.393458217 0.022854125 0.030272767 0.006752108 -0.083515383 -0.096225128 0.991826773
1305031114.611391 -0.398333579 0.023746807 0.028249688 0.004285217 -0.083997257 -0.094453804 0.991970062
1305031114.644136 -0.406307042 0.021848269 0.027293801 -0.001626316 -0.084878743 -0.093597218 0.991984129
1305031114.679251 -0.411213994 0.019229807 0.028153501 -0.005390798 -0.090694331 -0.094380572 0.991381764
1305031114.711306 -0.412333369 0.017612712 0.030755818 -0.006557478 -0.095393680 -0.093905002 0.990978718
1305031114.743200 -0.412238032 0.017517071 0.033342727 -0.005359822 -0.099175371 -0.097718000 0.990245759
1305031114.779289 -0.411876023 0.019310357 0.032123461 -0.002519056 -0.100560933 -0.101536982 0.989732981
1305031114.811303 -0.407973230 0.025967484 0.032850929 0.000133215 -0.096294306 -0.102591269 0.990051687
1305031114.843208 -0.406247973 0.025344837 0.032884881 0.000023856 -0.097242452 -0.105124712 0.989693224
1305031114.879281 -0.403128386 0.028660674 0.032112502 0.000701057 -0.097608961 -0.105111554 0.989658296
1305031114.912879 -0.398871154 0.029391253 0.031549640 -0.000379931 -0.098693796 -0.104969822 0.989565909
1305031114.943234 -0.394764394 0.028885968 0.031617679 -0.003230805 -0.103417166 -0.106384881 0.988927066
1305031114.979280 -0.386064053 0.033821546 0.034534089 -0.003113163 -0.097599879 -0.107035473 0.989448309
1305031115.011300 -0.378296733 0.038266003 0.035506062 -0.005531953 -0.097145602 -0.108480230 0.989325106
1305031115.043508 -0.368813425 0.036129545 0.041003399 -0.009436592 -0.096043229 -0.108336799 0.989418924
1305031115.079238 -0.360951185 0.037810475 0.040825121 -0.010281076 -0.093039684 -0.108506091 0.989678919
1305031115.111230 -0.347202331 0.036475066 0.043544218 -0.013617893 -0.091473669 -0.106253952 0.990028918
1305031115.143275 -0.338429868 0.033258647 0.045102704 -0.015753828 -0.082724199 -0.103403352 0.991068244
1305031115.179440 -0.332498342 0.033672407 0.044356361 -0.016900560 -0.078138009 -0.102253638 0.991540730
1305031115.211374 -0.315460503 0.026892291 0.054483991 -0.018618483 -0.080501884 -0.098187529 0.991731822
1305031115.243297 -0.301631719 0.023262257 0.057789635 -0.014757776 -0.077317223 -0.094149649 0.992441475
1305031115.279966 -0.290110826 0.027080327 0.056530997 -0.012121496 -0.075043023 -0.090037689 0.993033171
1305031115.311704 -0.271194190 0.021752279 0.065784290 -0.013145247 -0.074393459 -0.083609343 0.993630886
1305031115.343235 -0.256730050 0.023304177 0.064758807 -0.008185616 -0.066357911 -0.079792619 0.994566619
1305031115.379166 -0.258952618 0.032095168 0.062501781 -0.008684228 -0.056979597 -0.076781265 0.995380580
1305031115.411237 -0.246938348 0.026598562 0.070054017 -0.017393664 -0.064476185 -0.072362289 0.995140195
1305031115.443159 -0.224969164 0.022727836 0.072565384 -0.022042403 -0.070740670 -0.066465482 0.995033801
1305031115.479241 -0.215952367 0.024942707 0.073243394 -0.024976842 -0.067892335 -0.061297987 0.995494545
1305031115.511253 -0.186962292 0.018680733 0.080762841 -0.029929914 -0.075658560 -0.057833925 0.995005131
1305031115.543604 -0.170742184 0.014357539 0.078763925 -0.030172853 -0.061431836 -0.049272873 0.996437609
1305031115.579315 -0.160104051 0.012671335 0.076456964 -0.029504381 -0.048308305 -0.042373557 0.997497022
1305031115.611424 -0.148462087 0.012096150 0.077421874 -0.028084656 -0.042709194 -0.037251327 0.997997761
1305031115.643254 -0.131057352 0.009581269 0.082483388 -0.027607925 -0.041744847 -0.030389836 0.998284340
1305031115.679241 -0.123166613 0.005912534 0.077310860 -0.027662486 -0.037348855 -0.019893797 0.998721242
1305031115.711320 -0.104066961 0.007937207 0.078324892 -0.026116937 -0.040171083 -0.010516360 0.998796046
1305031115.743250 -0.083612509 0.005412471 0.081439480 -0.026414622 -0.037169151 -0.003933808 0.998952091
1305031115.779425 -0.071060032 0.003122360 0.080823734 -0.024888862 -0.027777366 0.003746196 0.999297202
1305031115.811277 -0.051938869 0.003384438 0.080311000 -0.024772817 -0.022727776 0.012575499 0.999355614
1305031115.843224 -0.043978855 0.004461853 0.080322511 -0.025688253 -0.010601647 0.020307733 0.999407470
1305031115.879198 -0.036492955 0.000768487 0.079719320 -0.025726452 -0.003979344 0.027367350 0.999286413
1305031115.911118 -0.026030874 0.002863859 0.078097947 -0.022623397 0.000426643 0.033303738 0.999189079
1305031115.943311 -0.008977531 0.004339892 0.081481948 -0.022936990 0.003187420 0.040527083 0.998910069
1305031115.980740 0.001830769 0.004382772 0.081523314 -0.024430012 0.008594837 0.045565121 0.998625636
1305031116.011379 0.015646294 0.005053917 0.081379920 -0.026513560 0.016889462 0.049006116 0.998303652
1305031116.043164 0.027006038 0.008215622 0.085421577 -0.027737226 0.028906422 0.051354088 0.997876644
1305031116.080030 0.036113217 0.014537031 0.087809779 -0.029006314 0.037974797 0.055609755 0.997308433
1305031116.111300 0.046743613 0.012076205 0.087868325 -0.036571722 0.047572263 0.060144935 0.996384442
1305031116.143441 0.051319253 0.007674867 0.089354232 -0.042461056 0.057939515 0.063360706 0.995402157
1305031116.179572 0.057183105 0.012118989 0.091745898 -0.041983016 0.064014092 0.065820746 0.994890571
1305031116.211299 0.070318185 0.011385107 0.094617434 -0.046911299 0.066899218 0.069209047 0.994250417
1305031116.243320 0.079344511 0.003429704 0.096469417 -0.053491455 0.072824128 0.072552927 0.993263006
1305031116.279385 0.088723481 0.004338150 0.097179577 -0.053126007 0.081677459 0.075682640 0.992360055
1305031116.311336 0.088468187 0.004556029 0.098456807 -0.055617202 0.093843795 0.079229280 0.990869701
1305031116.343292 0.092935510 0.002653186 0.099503048 -0.056079857 0.099967398 0.083276257 0.989912450
1305031116.379384 0.100277252 -0.001576584 0.096297398 -0.052833769 0.100910790 0.083520025 0.989974737
1305031116.411333 0.093451336 0.005650734 0.093089670 -0.045330342 0.105919868 0.086240195 0.989590168
1305031116.443369 0.096052319 0.008447794 0.090184614 -0.046616349 0.106607847 0.096150428 0.988542736
1305031116.479850 0.092349038 0.002985405 0.090051614 -0.049220379 0.110328250 0.099463984 0.987680078
1305031116.511205 0.092563964 0.002067132 0.089211598 -0.047665995 0.108086288 0.096102737 0.988336802
1305031116.543262 0.088231578 0.004648452 0.086369157 -0.043794934 0.107976742 0.091836654 0.988933325
1305031116.579313 0.077539757 0.006883702 0.086126804 -0.043159928 0.108071834 0.088418506 0.989262283
1305031116.611261 0.067547590 -0.000264646 0.086354516 -0.046718016 0.104684405 0.082039125 0.990014255
1305031116.643355 0.058534630 0.001284544 0.081629157 -0.044553965 0.095765941 0.071833625 0.991808355
1305031116.679281 0.053425021 0.003463264 0.076530926 -0.043173589 0.085332192 0.063616961 0.993381798
1305031116.711634 0.038187452 0.002908293 0.081244625 -0.043636486 0.084725641 0.053577602 0.994005442
1305031116.743291 0.026192840 0.014154401 0.080238715 -0.038705643 0.081567228 0.043005418 0.994987011
1305031116.779298 0.014879912 0.012448763 0.078171648 -0.042500868 0.077174589 0.032212812 0.995590329
1305031116.811318 -0.001688479 0.015000650 0.075384013 -0.040535919 0.075665526 0.025208851 0.995989978
1305031116.846089 -0.015471648 0.015075691 0.073698819 -0.039332222 0.066161387 0.015742483 0.996909142
1305031116.880165 -0.030485332 0.017146798 0.074724659 -0.040100392 0.057207651 0.009322420 0.997513056
1305031116.912044 -0.035149030 0.017999005 0.075493783 -0.039684080 0.042386614 0.004933747 0.998300672
1305031116.943296 -0.055967133 0.022756483 0.073978461 -0.039525144 0.031688947 -0.003056040 0.998711288
1305031116.979351 -0.075468779 0.024602633 0.071578726 -0.038600825 0.024184795 -0.014629878 0.998854876
1305031117.011382 -0.092382476 0.032936193 0.074505471 -0.033380166 0.014498548 -0.023832101 0.999053359
1305031117.043261 -0.099939264 0.035125505 0.072456598 -0.034302313 0.002804119 -0.028431810 0.999003053
1305031117.079520 -0.114272378 0.036204524 0.068276085 -0.037144210 -0.004952036 -0.035041701 0.998683095
1305031117.111238 -0.122077800 0.037018329 0.066483542 -0.039835308 -0.017347703 -0.037071709 0.998367608
1305031117.143218 -0.129815102 0.041164279 0.064991407 -0.041821696 -0.027883001 -0.037050296 0.998048484
1305031117.179264 -0.139897451 0.043825146 0.065276086 -0.044118732 -0.035289496 -0.042882465 0.997481465
1305031117.211361 -0.144527555 0.043988734 0.066216618 -0.046895649 -0.042491060 -0.045452956 0.996960044
1305031117.243277 -0.144343778 0.049650416 0.066158742 -0.048048299 -0.046186998 -0.047984846 0.996622026
1305031117.279299 -0.143435150 0.045746911 0.068373755 -0.054501534 -0.047080807 -0.052452784 0.996022880
1305031117.311200 -0.147461459 0.045796566 0.069894180 -0.057201795 -0.044205822 -0.054110516 0.995914519
1305031117.343243 -0.152337596 0.041793417 0.069470331 -0.059959352 -0.042980753 -0.055311382 0.995739996
1305031117.379454 -0.151612014 0.037317332 0.070147023 -0.060501549 -0.043790828 -0.054978643 0.995690346
1305031117.411221 -0.154343680 0.032996777 0.070079744 -0.059843615 -0.044785500 -0.054633338 0.995704830
1305031117.443274 -0.153952926 0.031562109 0.069106810 -0.056513753 -0.046800062 -0.053565897 0.995864749
1305031117.479403 -0.155136690 0.024607930 0.068687178 -0.056432858 -0.047631823 -0.052189279 0.995902956
1305031117.511325 -0.156486124 0.017790992 0.068049170 -0.054079175 -0.048872568 -0.051288750 0.996020257
1305031117.544285 -0.158135206 0.016387220 0.067486636 -0.047868308 -0.049305692 -0.051330820 0.996314526
1305031117.579155 -0.161060065 0.012671003 0.067129999 -0.044557825 -0.049734335 -0.053614512 0.996326506
1305031117.611159 -0.159920648 0.004121608 0.068480730 -0.045704823 -0.052662112 -0.051945534 0.996212542
1305031117.643252 -0.159886613 -0.003060303 0.070750244 -0.044749677 -0.055555440 -0.050012112 0.996197701
1305031117.679262 -0.161222249 -0.007781268 0.072474368 -0.044481833 -0.057875603 -0.049497798 0.996103287
1305031117.711184 -0.160874441 -0.016141793 0.075645849 -0.045992631 -0.061092366 -0.046852332 0.995970547
1305031117.743184 -0.162248462 -0.023771282 0.077281311 -0.046188604 -0.063130476 -0.044705138 0.995933056
1305031117.779467 -0.161754221 -0.029615909 0.079751745 -0.046152007 -0.066161081 -0.041787133 0.995864749
1305031117.811320 -0.161063612 -0.041841358 0.083545037 -0.049407735 -0.068927191 -0.040083837 0.995590866
1305031117.843291 -0.157619178 -0.048567925 0.087586060 -0.046759252 -0.070573762 -0.039091274 0.995642900
1305031117.879451 -0.158900693 -0.056917403 0.089328028 -0.046177935 -0.067185141 -0.039087817 0.995904565
1305031117.911407 -0.163246691 -0.063386701 0.093062326 -0.044479311 -0.063956693 -0.039836708 0.996164739
1305031117.943253 -0.161726028 -0.070444368 0.096134007 -0.043757759 -0.063210890 -0.039372422 0.996262729
1305031117.979228 -0.165717423 -0.075914785 0.098701544 -0.044524863 -0.060172144 -0.040615648 0.996366978
1305031118.011228 -0.166095048 -0.089082815 0.104810394 -0.048715618 -0.060459308 -0.040520962 0.996157348
1305031118.043521 -0.170663178 -0.096417159 0.106601946 -0.047234245 -0.056833237 -0.039981939 0.996463895
1305031118.079334 -0.169584751 -0.104996234 0.109611735 -0.047983874 -0.056330003 -0.041468766 0.996395946
1305031118.111217 -0.167734623 -0.115548886 0.113582619 -0.048433077 -0.053165469 -0.042401973 0.996508777
1305031118.143256 -0.170737520 -0.121736862 0.116958037 -0.046442259 -0.048011072 -0.043885473 0.996800959
1305031118.179323 -0.172221839 -0.131753996 0.120929942 -0.046618566 -0.044951342 -0.045852039 0.996846855
1305031118.211202 -0.174838305 -0.142381907 0.123029977 -0.045113359 -0.042184290 -0.044170700 0.997112930
1305031118.243173 -0.177767009 -0.148425460 0.124308281 -0.041308388 -0.042332176 -0.045254938 0.997222900
1305031118.279194 -0.178623468 -0.157045573 0.127341434 -0.037623558 -0.042567067 -0.045874584 0.997330427
1305031118.311299 -0.179272935 -0.163142249 0.128857866 -0.031159231 -0.042949513 -0.046081562 0.997527421
1305031118.343324 -0.178584412 -0.165349513 0.131043062 -0.025115320 -0.042391498 -0.047559444 0.997652352
1305031118.379208 -0.180643663 -0.174570605 0.134055257 -0.022876777 -0.040717993 -0.047904227 0.997759461
1305031118.411296 -0.182110325 -0.175070196 0.134334818 -0.018996436 -0.042122830 -0.047475755 0.997803032
1305031118.445692 -0.181651205 -0.174828827 0.136289850 -0.017125623 -0.042400494 -0.045341957 0.997924328
1305031118.479285 -0.181637987 -0.179822743 0.138308808 -0.017997095 -0.043148994 -0.043210607 0.997971535
1305031118.511255 -0.178898275 -0.179010376 0.138917550 -0.016187003 -0.044364218 -0.041432749 0.998024642
1305031118.544414 -0.179750025 -0.172730491 0.138322979 -0.015082373 -0.042697523 -0.042764369 0.998058438
1305031118.579285 -0.176974148 -0.172695756 0.140048236 -0.017885316 -0.042761356 -0.042700090 0.998012185
1305031118.616142 -0.176291466 -0.168604285 0.138242826 -0.017688744 -0.040412359 -0.045239363 0.998001695
1305031118.645325 -0.176587492 -0.159343302 0.137876526 -0.016896440 -0.037927482 -0.046965949 0.998033226
1305031118.679295 -0.177043557 -0.154656067 0.136112615 -0.020011591 -0.036358263 -0.049069639 0.997932792
1305031118.711421 -0.177310392 -0.152968392 0.134900048 -0.022094088 -0.036620900 -0.052047066 0.997728348
1305031118.746770 -0.179778606 -0.143889368 0.131856918 -0.019462012 -0.038138144 -0.051169150 0.997771740
1305031118.779277 -0.175754204 -0.127733245 0.127624273 -0.018895121 -0.042924587 -0.050915465 0.997601151
1305031118.811221 -0.173514441 -0.127176404 0.128044695 -0.025152961 -0.045598686 -0.052997239 0.997235894
1305031118.846753 -0.169220611 -0.121178947 0.123903796 -0.022096850 -0.046935029 -0.051459629 0.997326791
1305031118.879208 -0.168532148 -0.102977447 0.116449088 -0.017607952 -0.043986414 -0.053854160 0.997424126
1305031118.911177 -0.167815343 -0.098606497 0.114883691 -0.021537816 -0.043159638 -0.055633564 0.997285485
1305031118.946974 -0.167415887 -0.087293692 0.109316871 -0.019330803 -0.041488800 -0.057781372 0.997279465
1305031118.979374 -0.167835504 -0.074093908 0.102850959 -0.018829523 -0.039757818 -0.061685134 0.997125685
1305031119.011363 -0.166863725 -0.063581869 0.100202404 -0.021550789 -0.040458255 -0.062960126 0.996962726
1305031119.047172 -0.168587863 -0.055754017 0.095340110 -0.023637893 -0.040022913 -0.063965507 0.996869028
1305031119.079223 -0.170133621 -0.047039159 0.090830147 -0.024057798 -0.041615300 -0.063904487 0.996797681
1305031119.111328 -0.171148151 -0.039491251 0.085796028 -0.024604311 -0.044555739 -0.063860297 0.996660054
1305031119.147616 -0.170957670 -0.029522110 0.081909314 -0.024478924 -0.048004597 -0.062148850 0.996611178
1305031119.179226 -0.169766411 -0.023731694 0.078379974 -0.025296943 -0.052575078 -0.062175747 0.996358395
1305031119.211364 -0.166877732 -0.014878244 0.073302463 -0.022762554 -0.055495534 -0.060296308 0.996376634
1305031119.247399 -0.168855861 -0.004591659 0.068658806 -0.021115083 -0.055379398 -0.060106363 0.996430874
1305031119.279212 -0.164922133 0.000924711 0.065059938 -0.022187710 -0.057987854 -0.059760597 0.996279955
1305031119.311212 -0.166382700 0.011450670 0.062697202 -0.020855486 -0.057621554 -0.057044793 0.996489227
1305031119.347741 -0.165905342 0.017607618 0.060282633 -0.020473970 -0.059608761 -0.054819297 0.996505141
1305031119.379239 -0.165551335 0.029100796 0.057076931 -0.018553944 -0.061650820 -0.053899087 0.996468723
1305031119.411484 -0.160302952 0.036216665 0.054901242 -0.019448269 -0.063329056 -0.053259544 0.996380746
1305031119.447706 -0.156465441 0.044619631 0.053675018 -0.019774165 -0.062629804 -0.052889768 0.996438265
1305031119.479267 -0.161671892 0.056038436 0.049252007 -0.016884770 -0.057659019 -0.054011486 0.996731222
1305031119.511240 -0.161814272 0.064161301 0.046866968 -0.018517355 -0.056485880 -0.052514773 0.996849358
1305031119.547382 -0.159712583 0.073629178 0.045638628 -0.019167844 -0.057467524 -0.050947413 0.996862292
1305031119.579559 -0.159936860 0.086267546 0.042259257 -0.019191794 -0.055556163 -0.051442463 0.996944785
1305031119.615017 -0.160204574 0.092452273 0.041623503 -0.023605974 -0.053305946 -0.050465710 0.997022808
1305031119.647903 -0.160986602 0.106595919 0.040443785 -0.023346074 -0.052180450 -0.050572179 0.997083068
1305031119.679208 -0.159417018 0.115383178 0.039719887 -0.027123466 -0.050105777 -0.052333154 0.997003019
1305031119.715232 -0.158251002 0.122777954 0.041501835 -0.032942504 -0.046390586 -0.049014088 0.997176170
1305031119.747193 -0.163478717 0.132391259 0.039706904 -0.034969594 -0.042383406 -0.044630110 0.997491300
1305031119.779169 -0.162917450 0.139796048 0.040419362 -0.038024958 -0.044552043 -0.041943125 0.997401595
1305031119.814537 -0.161461592 0.147801355 0.039070815 -0.039550241 -0.045689244 -0.038491458 0.997430027
1305031119.847429 -0.160328448 0.157010004 0.039082851 -0.041098375 -0.045054153 -0.034061261 0.997557461
1305031119.879214 -0.159722283 0.160458505 0.037980378 -0.042722020 -0.043335877 -0.033763770 0.997575462
1305031119.911401 -0.160157859 0.172520250 0.035785865 -0.039830852 -0.041269295 -0.032840993 0.997813523
1305031119.947392 -0.161104053 0.178942874 0.034236766 -0.043642666 -0.038540673 -0.033336181 0.997746766
1305031119.979537 -0.158258095 0.183220580 0.035332803 -0.046219680 -0.036898512 -0.033690169 0.997680902
1305031120.015264 -0.160936013 0.191631258 0.032856278 -0.049275413 -0.032095831 -0.032054447 0.997754633
1305031120.047290 -0.163124874 0.191687807 0.033606540 -0.057611745 -0.030481871 -0.030261744 0.997414649
1305031120.079418 -0.159571320 0.195561707 0.031636901 -0.055669092 -0.033376347 -0.028455155 0.997485459
1305031120.115232 -0.160601184 0.200374812 0.031239159 -0.055227485 -0.035035457 -0.026462678 0.997507989
1305031120.148157 -0.158254623 0.195466995 0.032318465 -0.059362475 -0.037093382 -0.025875850 0.997211397
1305031120.179246 -0.158412144 0.189798430 0.032443661 -0.060189549 -0.036354948 -0.023352126 0.997251332
1305031120.215249 -0.157995835 0.183754250 0.032147828 -0.057492819 -0.036811069 -0.023210987 0.997397006
1305031120.248003 -0.158903688 0.177649662 0.032463852 -0.055033494 -0.036382861 -0.025861591 0.997486234
1305031120.279430 -0.159198612 0.172036126 0.032831673 -0.052268639 -0.035474330 -0.028074153 0.997607827
1305031120.315196 -0.162158251 0.166150376 0.037559383 -0.051484834 -0.035383597 -0.029521218 0.997610033
1305031120.347787 -0.159946725 0.158672854 0.036442239 -0.046914581 -0.034768339 -0.031570774 0.997794271
1305031120.379437 -0.159589797 0.150791332 0.038839296 -0.045499530 -0.035497870 -0.032140192 0.997815967
1305031120.415445 -0.159217685 0.136311874 0.042570770 -0.042556241 -0.036720879 -0.031224603 0.997930646
1305031120.447417 -0.160279453 0.133044317 0.044269629 -0.033434384 -0.037228171 -0.032597497 0.998215199
1305031120.479432 -0.159448802 0.119080298 0.047792520 -0.034098830 -0.038975719 -0.032124601 0.998141348
1305031120.514819 -0.162254810 0.109127849 0.050363995 -0.028338719 -0.039912928 -0.030558789 0.998333633
1305031120.547736 -0.162312210 0.102652997 0.054001745 -0.021367911 -0.043517917 -0.028611226 0.998414218
1305031120.579551 -0.162917957 0.096392892 0.056384623 -0.018183062 -0.047577258 -0.025373086 0.998379707
1305031120.615236 -0.162284017 0.085868627 0.060630776 -0.016186209 -0.052668869 -0.023149421 0.998212457
1305031120.647354 -0.161761850 0.079549611 0.063283980 -0.010754523 -0.055837765 -0.023251036 0.998111129
1305031120.679318 -0.160952136 0.073414430 0.066710204 -0.008192565 -0.057938486 -0.022434434 0.998034418
1305031120.714522 -0.163396135 0.063141316 0.069052771 -0.009820813 -0.058370154 -0.020788381 0.998030245
1305031120.747369 -0.164106324 0.053924058 0.071799852 -0.009839893 -0.060674183 -0.020246854 0.997903764
1305031120.779894 -0.162606165 0.043794386 0.075245909 -0.008846853 -0.063524209 -0.020449461 0.997731566
1305031120.814944 -0.162408188 0.038181450 0.076396152 -0.005814592 -0.064050667 -0.020551503 0.997718096
1305031120.847921 -0.162398636 0.030310430 0.079567172 -0.006773853 -0.065138288 -0.022917468 0.997590065
1305031120.883435 -0.161114722 0.020421810 0.082265593 -0.005245242 -0.065487355 -0.025046157 0.997525215
1305031120.915444 -0.163800836 0.016711371 0.082858294 -0.002446275 -0.062847257 -0.027647385 0.997637153
1305031120.947488 -0.163773507 0.008024595 0.084883466 -0.003357186 -0.062778190 -0.028753946 0.997607589
1305031120.983366 -0.166312382 -0.000233028 0.086670548 -0.003053271 -0.061950728 -0.031542756 0.997575998
1305031121.015019 -0.165491804 -0.010096837 0.088805847 -0.002588211 -0.063430227 -0.032613274 0.997449875
1305031121.047498 -0.167215198 -0.015088868 0.089234084 -0.001391285 -0.062568285 -0.033260386 0.997485340
1305031121.083099 -0.168254748 -0.025049144 0.092623070 -0.001246466 -0.064086266 -0.034430079 0.997349501
1305031121.114696 -0.168604881 -0.032957755 0.091313921 0.000560076 -0.065262005 -0.034341801 0.997276843
1305031121.147331 -0.170716494 -0.039304316 0.092735440 0.002756074 -0.065307319 -0.035470586 0.997230768
1305031121.183271 -0.170082122 -0.048243072 0.093611248 0.003709489 -0.067292586 -0.035411619 0.997097790
1305031121.211420 -0.167987883 -0.056059968 0.096550487 0.006092880 -0.068094261 -0.035391826 0.997032344
1305031121.247194 -0.171926484 -0.062238667 0.096027285 0.008132696 -0.065324165 -0.036266785 0.997171640
1305031121.282876 -0.172946274 -0.071485668 0.098937772 0.007246812 -0.066839136 -0.035303704 0.997112632
1305031121.313568 -0.172292605 -0.079863012 0.102554336 0.009783778 -0.067732207 -0.034163740 0.997070432
1305031121.347517 -0.175213113 -0.087365277 0.102062687 0.010951802 -0.067874856 -0.032993220 0.997088015
1305031121.383226 -0.173558831 -0.098040611 0.106876813 0.011382487 -0.070308164 -0.032334127 0.996936142
1305031121.414318 -0.175082982 -0.103257246 0.107066736 0.016650289 -0.068917483 -0.034064136 0.996901572
1305031121.447319 -0.172879204 -0.107716046 0.107961647 0.017670881 -0.068735518 -0.033445738 0.996917546
1305031121.482964 -0.171534672 -0.119515687 0.112026028 0.017721277 -0.067793816 -0.031913735 0.997031331
1305031121.514107 -0.174727827 -0.122558855 0.109586164 0.022111034 -0.064774968 -0.030941572 0.997174978
1305031121.547270 -0.175666079 -0.129127294 0.110748827 0.020450577 -0.064497180 -0.030847671 0.997231364
1305031121.583204 -0.174975291 -0.138750792 0.114763543 0.018185530 -0.063763164 -0.031551071 0.997300446
1305031121.614700 -0.175068572 -0.144939885 0.116820693 0.019420002 -0.062270604 -0.032722112 0.997333705
1305031121.647183 -0.176612914 -0.150428042 0.114653423 0.020023216 -0.057060614 -0.037502043 0.997465134
1305031121.683200 -0.180577695 -0.156763151 0.115759343 0.017528685 -0.052087683 -0.039212592 0.997718394
1305031121.714520 -0.182512775 -0.164610580 0.116774365 0.015759539 -0.051015332 -0.037621804 0.997864544
1305031121.747145 -0.184241042 -0.167842761 0.117811024 0.014749057 -0.050132673 -0.037490480 0.997929692
1305031121.782835 -0.183295250 -0.174437866 0.121393368 0.012240970 -0.050401051 -0.035188127 0.998033941
1305031121.811540 -0.181254372 -0.177671149 0.123681501 0.011171462 -0.050195683 -0.033073291 0.998129129
1305031121.847335 -0.182007536 -0.180013746 0.123554870 0.009414344 -0.048240364 -0.030284345 0.998332202
1305031121.882060 -0.182762235 -0.182150722 0.124789119 0.006882472 -0.048032455 -0.024130631 0.998530567
1305031121.914931 -0.184991896 -0.182707071 0.124603778 0.005189920 -0.048860800 -0.022240806 0.998544455
1305031121.947288 -0.182398647 -0.183525950 0.125394523 0.004861012 -0.051930264 -0.022985931 0.998374343
1305031121.982926 -0.180486351 -0.179509938 0.124652885 0.005598542 -0.052081846 -0.023348546 0.998354137
1305031122.014256 -0.182800874 -0.177383825 0.123326480 0.004863869 -0.050933607 -0.025384177 0.998367548
1305031122.047306 -0.182828128 -0.172904193 0.121145561 0.006177396 -0.051929187 -0.029328175 0.998200893
1305031122.082959 -0.180282950 -0.166802332 0.121526062 0.007359947 -0.053383801 -0.032442562 0.998019755
1305031122.114672 -0.181400880 -0.157172889 0.117516175 0.009985944 -0.052597810 -0.036542922 0.997896969
1305031122.150725 -0.179364562 -0.150679529 0.116747938 0.009363848 -0.053379253 -0.041383438 0.997672498
1305031122.183042 -0.177542523 -0.142186075 0.114490457 0.011183263 -0.052660957 -0.045675583 0.997504652
1305031122.214959 -0.178207248 -0.122577354 0.109324180 0.012485890 -0.050109420 -0.051294040 0.997347534
1305031122.251319 -0.177993625 -0.119513012 0.107554488 0.005561110 -0.049211234 -0.054946281 0.997260392
1305031122.283560 -0.180304036 -0.107226700 0.105495572 0.006733221 -0.048924018 -0.056529459 0.997178793
1305031122.314289 -0.179999009 -0.090956144 0.103315845 0.003211661 -0.051101908 -0.060437649 0.996857882
1305031122.351327 -0.180370778 -0.083722167 0.100027800 -0.003285364 -0.052556448 -0.063402116 0.996597826
1305031122.382630 -0.182905808 -0.074960791 0.097176455 -0.007503929 -0.054497086 -0.062653981 0.996518016
1305031122.414997 -0.182602391 -0.069766089 0.094538249 -0.012335187 -0.058850430 -0.063625641 0.996160746
1305031122.451257 -0.183041617 -0.059605811 0.089960679 -0.013767013 -0.062966332 -0.062297668 0.995974243
1305031122.483360 -0.183389276 -0.051103525 0.086067200 -0.017091993 -0.067291602 -0.061623652 0.995681822
1305031122.515097 -0.179314926 -0.038413912 0.082861871 -0.016528795 -0.071104728 -0.063093759 0.995334148
1305031122.551490 -0.176204279 -0.027991269 0.080122337 -0.017144935 -0.072823063 -0.065819621 0.995022953
1305031122.583208 -0.175014108 -0.020798132 0.076384246 -0.018778654 -0.071686760 -0.066295043 0.995044410
1305031122.614980 -0.177413508 -0.013574244 0.073498964 -0.019575596 -0.070921786 -0.065267690 0.995151758
1305031122.648788 -0.177117020 -0.004365549 0.070040151 -0.017973922 -0.072783284 -0.064050205 0.995126665
1305031122.683402 -0.177740723 0.004887615 0.065945655 -0.017281031 -0.073500879 -0.062936537 0.995157301
1305031122.715208 -0.178104758 0.012917286 0.062861219 -0.017313074 -0.075983010 -0.060267530 0.995135486
1305031122.751298 -0.175923094 0.027221246 0.060779683 -0.014620755 -0.078972146 -0.060157880 0.994952619
1305031122.783423 -0.172092721 0.038339928 0.057975154 -0.017240541 -0.080516487 -0.059436601 0.994830191
1305031122.812555 -0.170266241 0.043853022 0.057620440 -0.022734642 -0.080175914 -0.060642499 0.994674563
1305031122.851418 -0.165648162 0.052623127 0.057550929 -0.023507789 -0.077910662 -0.062205575 0.994740069
1305031122.883754 -0.169294477 0.061372314 0.055136863 -0.025577040 -0.069738865 -0.062878124 0.995253086
1305031122.914571 -0.172519892 0.066374786 0.053848263 -0.029676363 -0.065686345 -0.061501592 0.995500982
1305031122.951341 -0.170732394 0.071840599 0.053732269 -0.030959517 -0.066128559 -0.059598856 0.995548368
1305031122.982815 -0.172430784 0.082113065 0.050785080 -0.031063395 -0.065278068 -0.055940878 0.995813489
1305031123.015450 -0.171617746 0.085678540 0.049208436 -0.034579631 -0.066621117 -0.053151932 0.995761395
1305031123.051827 -0.169230402 0.090504602 0.048061468 -0.034367517 -0.067208715 -0.051422808 0.995820045
1305031123.082975 -0.170120806 0.102234147 0.045416228 -0.031498734 -0.065615132 -0.049136780 0.996136546
1305031123.113873 -0.169131443 0.110208079 0.043072149 -0.034243885 -0.064567380 -0.046766058 0.996228576
1305031123.150822 -0.169355527 0.117486462 0.043376312 -0.036489327 -0.063625269 -0.046540096 0.996220052
1305031123.182155 -0.165565789 0.128533885 0.043351047 -0.036874477 -0.063503824 -0.046084076 0.996234834
1305031123.214704 -0.166849688 0.140085131 0.042095989 -0.037657335 -0.056985077 -0.047171272 0.996548772
1305031123.250618 -0.165616900 0.152684599 0.040999822 -0.040929493 -0.053601205 -0.047045611 0.996613443
1305031123.282347 -0.164201483 0.158919364 0.041756749 -0.049659744 -0.050720118 -0.044981062 0.996462762
1305031123.311327 -0.163724139 0.165805489 0.043043941 -0.054601960 -0.046633299 -0.044091750 0.996443570
1305031123.350481 -0.161311150 0.172726735 0.043483552 -0.058901004 -0.043483131 -0.043310784 0.996375442
1305031123.382255 -0.157350644 0.181193382 0.043313719 -0.062328175 -0.040557723 -0.039970733 0.996429920
1305031123.411363 -0.159495726 0.186463252 0.043065798 -0.065422334 -0.034282796 -0.037404221 0.996566892
1305031123.451255 -0.158977196 0.193656772 0.042938355 -0.066795938 -0.032027751 -0.036159627 0.996596694
1305031123.483594 -0.157465965 0.202620849 0.042567607 -0.067697108 -0.030872110 -0.030476402 0.996762335
1305031123.511360 -0.156673342 0.209515899 0.042837109 -0.069812231 -0.029443020 -0.026980268 0.996760428
1305031123.551513 -0.155625433 0.215955853 0.041405048 -0.071043685 -0.029731233 -0.025083523 0.996714413
1305031123.579583 -0.153472587 0.222334296 0.041947950 -0.072682060 -0.030229470 -0.021361629 0.996668041
1305031123.611335 -0.152710974 0.225657925 0.039740570 -0.075421199 -0.028363226 -0.021368938 0.996519208
1305031123.652411 -0.150489688 0.230485722 0.039932698 -0.079480886 -0.027061716 -0.021663211 0.996233523
1305031123.683753 -0.150442913 0.237191513 0.039707374 -0.082232311 -0.022706237 -0.019756565 0.996158600
1305031123.711323 -0.147279143 0.244426191 0.039487138 -0.084735155 -0.020663120 -0.018107444 0.996024668
1305031123.751723 -0.148704484 0.235210702 0.037663206 -0.095871776 -0.017514147 -0.016640898 0.995100439
1305031123.783858 -0.148982227 0.239456117 0.036889438 -0.096082069 -0.017594330 -0.014411250 0.995113552
1305031123.811608 -0.147927374 0.240587056 0.036482893 -0.097140975 -0.018309211 -0.013766747 0.995006979
1305031123.851444 -0.147654727 0.241126254 0.036218461 -0.098119780 -0.018640673 -0.011138937 0.994937658
1305031123.883786 -0.149585918 0.242483109 0.036617532 -0.096439607 -0.018885884 -0.010163384 0.995107770
1305031123.911243 -0.149312213 0.239685103 0.036409222 -0.094221488 -0.020394007 -0.011899205 0.995271206
1305031123.951442 -0.148205534 0.235193774 0.035445072 -0.096530162 -0.021660214 -0.010038312 0.995043695
1305031123.983415 -0.149688765 0.236317188 0.039092407 -0.094840333 -0.023663741 -0.008246332 0.995177031
1305031124.011302 -0.148931026 0.236495197 0.039515521 -0.086547323 -0.028298542 -0.008480728 0.995809615
1305031124.051505 -0.149774060 0.229101613 0.039224874 -0.085076071 -0.031048913 -0.008582820 0.995853543
1305031124.083837 -0.150344193 0.239116117 0.043970942 -0.074179001 -0.033838931 -0.007359999 0.996643484
1305031124.111331 -0.150992900 0.236201957 0.046557486 -0.065197356 -0.036368906 -0.009227968 0.997166753
1305031124.147446 -0.151428685 0.220095426 0.047248520 -0.067318529 -0.037989154 -0.011416916 0.996942699
1305031124.182694 -0.152187586 0.216892004 0.049985446 -0.063618816 -0.038946725 -0.013699088 0.997119904
1305031124.211396 -0.151475132 0.213581681 0.053026848 -0.054227550 -0.040452916 -0.016193951 0.997577429
1305031124.249327 -0.150683910 0.193236783 0.053054772 -0.059026811 -0.043330740 -0.016334910 0.997181773
1305031124.282545 -0.154968143 0.185284600 0.052693777 -0.059872609 -0.045252074 -0.016264243 0.997047126
1305031124.311361 -0.153861925 0.171036661 0.055843361 -0.060148507 -0.050261367 -0.015861342 0.996797025
1305031124.350354 -0.153035507 0.162230849 0.055081524 -0.058181424 -0.053909916 -0.017287081 0.996699452
1305031124.382420 -0.152641669 0.152415961 0.057408720 -0.056100357 -0.056761146 -0.018013394 0.996647596
1305031124.411439 -0.150441289 0.137911126 0.058958806 -0.053180840 -0.060128469 -0.019753709 0.996577203
1305031124.450245 -0.153665319 0.134609893 0.060105138 -0.042954851 -0.059726089 -0.022407610 0.997038424
1305031124.480099 -0.154675961 0.124115795 0.060334686 -0.037845187 -0.060843986 -0.024077514 0.997138917
1305031124.511324 -0.156796396 0.116711617 0.059841219 -0.030897330 -0.061504420 -0.026867963 0.997266650
1305031124.550437 -0.156889722 0.107306547 0.060921278 -0.027470851 -0.063634284 -0.029242901 0.997166455
1305031124.579404 -0.159108311 0.097517937 0.062706992 -0.023940502 -0.065365769 -0.031768158 0.997068167
1305031124.611358 -0.159638539 0.087075189 0.065463915 -0.019785883 -0.068100318 -0.033981495 0.996903300
1305031124.651271 -0.159615397 0.077705801 0.066960275 -0.016490940 -0.070664994 -0.035770234 0.996722102
1305031124.679362 -0.157588065 0.064013109 0.070058241 -0.014609964 -0.074029438 -0.037126541 0.996457636
1305031124.711251 -0.159168005 0.057567827 0.071267322 -0.009001718 -0.073387228 -0.039776649 0.996469319
1305031124.749890 -0.160536230 0.046295915 0.074797265 -0.007895402 -0.073451780 -0.041331001 0.996410668
1305031124.779365 -0.160749182 0.037319805 0.078012653 -0.004440160 -0.075104430 -0.041260049 0.996311784
1305031124.811360 -0.161912709 0.029307250 0.079782918 -0.001882633 -0.075659931 -0.041651666 0.996261597
1305031124.850535 -0.162816018 0.016185859 0.084592074 -0.003229862 -0.077207401 -0.042751018 0.996092856
1305031124.879355 -0.159844235 0.004396573 0.088502593 -0.002444489 -0.078987889 -0.043017566 0.995943964
1305031124.911448 -0.161247119 -0.001250354 0.091050349 0.000056414 -0.076031476 -0.043240141 0.996167421
1305031124.950730 -0.162477836 -0.009969052 0.096770912 -0.002386528 -0.074487425 -0.043814979 0.996256053
1305031124.979438 -0.164594352 -0.026224235 0.100819081 -0.003712209 -0.073385015 -0.041294131 0.996441483
1305031125.011454 -0.166537941 -0.034299180 0.101732627 0.001091866 -0.075710237 -0.040987864 0.996286511
1305031125.050763 -0.166763425 -0.038674410 0.104314990 0.004157735 -0.077587336 -0.041131008 0.996128082
1305031125.079364 -0.167082042 -0.048998497 0.107628196 0.002424601 -0.076872632 -0.038045771 0.996311843
1305031125.111364 -0.167977080 -0.059426881 0.110766634 0.002466126 -0.078142025 -0.036959764 0.996253848
1305031125.151013 -0.166392654 -0.067270346 0.112696461 0.005569005 -0.079462275 -0.038176753 0.996091008
1305031125.179353 -0.167500287 -0.072003312 0.114779934 0.003690541 -0.076701999 -0.037124395 0.996355832
1305031125.211320 -0.170038268 -0.083193958 0.118575737 -0.000751143 -0.074958175 -0.037140582 0.996494532
1305031125.250632 -0.173101842 -0.093798429 0.120142058 0.000380868 -0.073827110 -0.040222313 0.996459544
1305031125.279467 -0.172843605 -0.097329788 0.121616066 0.003657625 -0.074200422 -0.040652659 0.996407688
1305031125.311493 -0.173286051 -0.105507717 0.126104087 0.003555135 -0.073075838 -0.039720643 0.996528745
1305031125.348880 -0.176632017 -0.110314377 0.126320437 0.007567162 -0.070732161 -0.043431021 0.996520698
1305031125.379401 -0.172799557 -0.113766164 0.130545333 0.007905947 -0.070551626 -0.046715204 0.996382296
1305031125.411335 -0.172147736 -0.119498610 0.132123157 0.007316179 -0.064781152 -0.047648273 0.996734440
1305031125.451195 -0.176060021 -0.124024428 0.132539436 0.004826078 -0.057723481 -0.050154041 0.997060359
1305031125.479424 -0.175589293 -0.132543728 0.135477155 0.003878455 -0.054450385 -0.050975811 0.997206867
1305031125.511316 -0.177650511 -0.131255552 0.134077638 0.006133606 -0.049750250 -0.052339207 0.997370541
1305031125.551020 -0.177521035 -0.133714944 0.135488495 0.005087511 -0.046822019 -0.053596541 0.997451365
1305031125.579308 -0.178430155 -0.136823192 0.134964049 0.003047631 -0.042653065 -0.056465678 0.997488439
1305031125.611533 -0.178145796 -0.142137691 0.135860771 0.002399438 -0.039970051 -0.055799726 0.997638762
1305031125.650575 -0.182569385 -0.144307047 0.131758928 0.005913076 -0.038399279 -0.052709706 0.997853816
1305031125.679328 -0.186705038 -0.139784366 0.124901593 0.010228749 -0.040492792 -0.052846104 0.997728884
1305031125.711443 -0.184026971 -0.140141547 0.126123071 0.011007975 -0.047259383 -0.051160995 0.997510850
1305031125.751260 -0.179884627 -0.131355375 0.120830700 0.016516838 -0.050850745 -0.048951820 0.997369111
1305031125.779348 -0.178917348 -0.124545507 0.119439282 0.017196992 -0.051795647 -0.052177038 0.997145414
1305031125.811573 -0.176569283 -0.116507083 0.116636023 0.018115809 -0.051773015 -0.053217430 0.997075379
1305031125.847412 -0.176896438 -0.109041527 0.115764663 0.016795045 -0.049890719 -0.054734576 0.997112334
1305031125.879318 -0.178632095 -0.101411246 0.112224415 0.017082559 -0.049781442 -0.055186067 0.997088015
1305031125.911305 -0.180998430 -0.090356812 0.107343078 0.014926512 -0.051563356 -0.054691613 0.997059286
1305031125.947343 -0.181961566 -0.084829517 0.106830209 0.011065111 -0.058083847 -0.051832266 0.996903837
1305031125.979324 -0.178443626 -0.075425074 0.104767144 0.010797954 -0.066728316 -0.048228007 0.996546388
1305031126.011333 -0.174735144 -0.063875213 0.103444278 0.009606531 -0.073097013 -0.048158929 0.996115088
1305031126.047324 -0.170587346 -0.051800158 0.102163553 0.008042556 -0.075362831 -0.048355058 0.995950580
1305031126.079356 -0.168146819 -0.041890163 0.101698533 0.004261706 -0.074541040 -0.047715236 0.996066630
1305031126.111370 -0.167180851 -0.032946132 0.101281658 0.000821122 -0.073542953 -0.048162114 0.996128082
1305031126.147432 -0.166530833 -0.020510960 0.099562518 -0.000587194 -0.072180219 -0.046279930 0.996317148
1305031126.179384 -0.165792853 -0.006062787 0.099099942 -0.004976776 -0.072239138 -0.044557113 0.996379137
1305031126.211319 -0.163562149 0.000237746 0.099127732 -0.010411381 -0.073181741 -0.043896616 0.996297717
1305031126.247298 -0.162175000 0.013930031 0.097319201 -0.011243344 -0.071736626 -0.044376120 0.996372521
1305031126.279363 -0.158760086 0.024483006 0.096906088 -0.014814261 -0.071184233 -0.044663053 0.996352613
1305031126.311332 -0.155814767 0.036988661 0.096425474 -0.017668471 -0.069004968 -0.046320796 0.996383727
1305031126.347363 -0.156898811 0.045331527 0.095413357 -0.022126710 -0.063983418 -0.047374114 0.996580303
1305031126.379423 -0.158062220 0.054288637 0.094492257 -0.025075689 -0.060466297 -0.048969500 0.996652901
1305031126.411465 -0.155022353 0.064502709 0.091968894 -0.028615277 -0.059949815 -0.049834467 0.996545911
1305031126.447361 -0.154751435 0.069893003 0.091277458 -0.033921722 -0.058512624 -0.048789889 0.996516466
1305031126.479533 -0.156626478 0.078771591 0.088459291 -0.035477877 -0.057510398 -0.045920808 0.996656954
1305031126.511410 -0.157099649 0.092208080 0.085816883 -0.036034863 -0.058281001 -0.045165334 0.996626735
1305031126.547374 -0.152248174 0.097648457 0.086339980 -0.042866811 -0.060804587 -0.044120595 0.996252239
1305031126.579454 -0.150729865 0.106547795 0.084802464 -0.045929402 -0.058824673 -0.041974135 0.996327400
1305031126.611528 -0.150613800 0.113147132 0.083237365 -0.050903440 -0.056598984 -0.040955070 0.996257007
1305031126.647376 -0.148330033 0.116751119 0.083454184 -0.055362571 -0.055568289 -0.038576402 0.996172130
1305031126.679479 -0.148811862 0.122262806 0.081650406 -0.056508761 -0.052676629 -0.034745384 0.996405900
1305031126.711583 -0.146034971 0.127815530 0.080788523 -0.059109814 -0.052515246 -0.030602168 0.996399343
1305031126.747316 -0.144681007 0.129234269 0.079991288 -0.061046842 -0.051325615 -0.027386490 0.996438086
1305031126.779379 -0.144237503 0.133814558 0.077577949 -0.060382366 -0.050148904 -0.024372492 0.996616781
1305031126.811602 -0.140188605 0.137528896 0.076987602 -0.060191911 -0.049838867 -0.023843886 0.996656597
1305031126.847343 -0.140260994 0.139354393 0.074837051 -0.061090183 -0.045587108 -0.022885123 0.996827960
1305031126.879357 -0.140325844 0.142986432 0.073245823 -0.060534224 -0.043043762 -0.022420840 0.996985555
1305031126.911364 -0.139180660 0.142514005 0.072645538 -0.061659779 -0.041290343 -0.023150070 0.996974051
1305031126.947437 -0.139407113 0.144910276 0.071553439 -0.061594743 -0.040172867 -0.021113142 0.997068942
1305031126.979337 -0.140887454 0.142809287 0.070400953 -0.063483961 -0.040129367 -0.020061536 0.996973872
1305031127.011371 -0.140900269 0.142543107 0.070361689 -0.061990108 -0.040991928 -0.020049222 0.997033060
1305031127.047297 -0.139926642 0.142979398 0.069761053 -0.061298240 -0.041936267 -0.018498885 0.997066498
1305031127.079299 -0.138705879 0.142190099 0.070288762 -0.061767168 -0.043212503 -0.018669659 0.996979892
1305031127.111435 -0.141756237 0.139625058 0.069835305 -0.062494617 -0.043848429 -0.017823020 0.996922314
1305031127.147307 -0.143480659 0.136972725 0.070341997 -0.061947178 -0.046305396 -0.018007206 0.996842086
1305031127.179349 -0.140650913 0.137154892 0.071273275 -0.059231918 -0.050988503 -0.017906446 0.996780336
1305031127.211700 -0.139441654 0.134890318 0.072446205 -0.059200700 -0.053177282 -0.017808191 0.996669590
1305031127.247374 -0.140338957 0.132139727 0.073610991 -0.057510484 -0.052910451 -0.019299516 0.996755004
1305031127.279465 -0.140252322 0.131177977 0.073111825 -0.055155504 -0.053336345 -0.019874329 0.996854067
1305031127.311362 -0.140969753 0.129376873 0.074661613 -0.055169880 -0.054076668 -0.021073692 0.996788800
1305031127.347356 -0.142035872 0.123724207 0.076842412 -0.055000070 -0.055448931 -0.021724831 0.996708810
1305031127.379262 -0.143164456 0.123284630 0.076905534 -0.052099455 -0.056070965 -0.021981267 0.996824205
1305031127.411371 -0.144114375 0.121496320 0.077610418 -0.052048039 -0.056803975 -0.022741076 0.996768355
1305031127.447333 -0.144466043 0.116707981 0.079422258 -0.052657560 -0.058125902 -0.023165435 0.996650338
1305031127.479362 -0.144862190 0.118325576 0.079734132 -0.049420603 -0.059159741 -0.023771754 0.996740997
1305031127.511356 -0.146850854 0.117331952 0.080685139 -0.050333038 -0.059259109 -0.024955846 0.996660471
1305031127.547348 -0.146751791 0.113843217 0.083020747 -0.050880048 -0.060429018 -0.025781311 0.996541440
1305031127.579345 -0.148181573 0.114402227 0.083233960 -0.048478473 -0.060207222 -0.025763476 0.996675074
1305031127.611271 -0.148247376 0.115419202 0.083334371 -0.048123505 -0.060796153 -0.026234727 0.996644199
1305031127.647358 -0.147497043 0.112208277 0.084604613 -0.050177786 -0.061597448 -0.024844151 0.996529341
1305031127.679298 -0.148643106 0.111000970 0.085204154 -0.048728120 -0.061558552 -0.024537703 0.996611238
1305031127.711375 -0.148410276 0.112389706 0.084555864 -0.047608506 -0.062466431 -0.024733067 0.996604085
1305031127.747304 -0.147946417 0.109994173 0.086080633 -0.049613338 -0.063318208 -0.024445923 0.996459603
1305031127.779346 -0.148065865 0.107366137 0.086528830 -0.049420938 -0.063614219 -0.024179915 0.996456802
1305031127.811829 -0.148497179 0.108204611 0.085336447 -0.047624663 -0.063664466 -0.025158437 0.996516824
1305031127.847366 -0.148729846 0.107715435 0.085445911 -0.047967046 -0.063683212 -0.025911765 0.996479869
1305031127.879380 -0.149740085 0.105263591 0.085531190 -0.049045157 -0.063696079 -0.026731052 0.996404946
1305031127.911476 -0.150996238 0.107092649 0.085683256 -0.047442656 -0.063986555 -0.027252955 0.996449828
1305031127.947366 -0.150451005 0.106919825 0.085653551 -0.048423827 -0.065061621 -0.026714284 0.996347547
1305031127.979371 -0.150523096 0.106417045 0.087066323 -0.049969532 -0.065863736 -0.027163237 0.996206403
1305031128.011427 -0.149955079 0.106741332 0.088349968 -0.050592583 -0.066255853 -0.027512129 0.996139348
1305031128.047369 -0.149057001 0.103650592 0.090893388 -0.054318175 -0.065836176 -0.026191266 0.996006608
1305031128.079334 -0.149686620 0.100593582 0.092391156 -0.055339191 -0.065342851 -0.025166512 0.996009290
1305031128.111391 -0.150191009 0.100848868 0.092583850 -0.054185934 -0.065282039 -0.024977125 0.996081471
1305031128.147418 -0.149753317 0.100509927 0.094323993 -0.054927725 -0.065691985 -0.022997476 0.996061563
1305031128.179350 -0.147913948 0.096358500 0.096351407 -0.055899393 -0.066955015 -0.021725586 0.995951951
1305031128.211447 -0.149065807 0.098032139 0.094995752 -0.052903987 -0.066142291 -0.021376321 0.996177375
1305031128.247480 -0.149407044 0.098990642 0.094600976 -0.052789304 -0.066425957 -0.021058496 0.996171355
1305031128.279336 -0.149085864 0.095951185 0.096197702 -0.054125175 -0.067075759 -0.020967819 0.996058047
1305031128.311483 -0.149187177 0.096023373 0.094946839 -0.052751701 -0.066993818 -0.022060607 0.996113658
1305031128.347423 -0.149705574 0.097017586 0.095509663 -0.052132901 -0.066921607 -0.022739090 0.996135831
1305031128.379404 -0.150313988 0.096690476 0.095990688 -0.052185316 -0.067073762 -0.024370918 0.996084273
1305031128.411337 -0.150546506 0.095700264 0.095620856 -0.051834922 -0.066994153 -0.025556631 0.996078193
1305031128.447296 -0.151080504 0.096124589 0.095226437 -0.051126473 -0.066817969 -0.026801514 0.996093929
1305031128.479296 -0.151593909 0.094625056 0.095229320 -0.051930699 -0.066779315 -0.028063022 0.996020198
1305031128.511433 -0.151698515 0.094178140 0.095230311 -0.051585399 -0.066553071 -0.028555145 0.996039271
1305031128.547399 -0.151634216 0.093046583 0.094481610 -0.051904328 -0.065940447 -0.029415511 0.996038437
1305031128.579455 -0.151526749 0.091339774 0.095247485 -0.052076038 -0.065594770 -0.029556464 0.996048093
1305031128.611395 -0.152059063 0.090936348 0.094376199 -0.050843313 -0.065713622 -0.029216571 0.996114016
1305031128.647352 -0.153726161 0.092191182 0.093345672 -0.049586810 -0.065862224 -0.029317817 0.996164560
1305031128.679282 -0.152476802 0.089458294 0.093552180 -0.050630681 -0.068122789 -0.029557763 0.995952845
1305031128.711457 -0.151339963 0.090709783 0.094223008 -0.048665013 -0.068705603 -0.030128550 0.995993733
1305031128.747363 -0.150847927 0.089658618 0.093624100 -0.048484743 -0.067968942 -0.031086987 0.996023595
