1305031110.811386 -0.027376309 0.003925537 0.005518310 -0.003206902 -0.006562345 -0.008352191 0.999938428
1305031110.843218 -0.026438944 -0.001034829 -0.001060185 -0.006628131 -0.009978640 -0.009640876 0.999881744
1305031110.879313 -0.028442919 0.003109928 0.006497787 -0.004719164 -0.010900036 -0.010004458 0.999879420
1305031110.911333 -0.033156700 0.001558533 0.001015934 -0.006258143 -0.010933287 -0.009791993 0.999872684
1305031110.943862 -0.020161193 0.005124667 0.005968824 -0.004904411 -0.016071061 -0.011847678 0.999788642
1305031110.979345 -0.012969896 0.008397656 0.001962637 -0.004509698 -0.015868986 -0.013203577 0.999776721
1305031111.011431 -0.000842145 0.008698011 0.006888899 -0.006003858 -0.013494199 -0.011475861 0.999825060
1305031111.043327 0.004680090 0.010429002 0.005554642 -0.004706559 -0.007818859 -0.008632155 0.999921083
1305031111.079283 0.002560716 0.014125785 0.006401819 -0.006075313 -0.002004922 -0.005816633 0.999962628
1305031111.111508 0.013135221 0.012456094 0.008842708 -0.007661951 -0.001171120 -0.002314530 0.999967277
1305031111.143257 0.020756880 0.010646924 0.008099176 -0.006542251 0.001818661 -0.000098546 0.999976933
1305031111.179326 0.033733968 0.015331168 0.010261519 -0.002838027 0.004655085 -0.000413553 0.999985039
1305031111.211433 0.055870563 0.016410688 0.000411124 -0.001708702 0.008929443 0.003934155 0.999950945
1305031111.243236 0.062638633 0.012352296 -0.002309454 -0.002836160 0.011832594 0.005564006 0.999910474
1305031111.279308 0.065711573 0.008932466 0.000934843 0.000160056 0.016578026 0.008613824 0.999825478
1305031111.311547 0.062065467 0.016047984 -0.003913900 0.005244835 0.026751326 0.010980579 0.999568045
1305031111.343397 0.063063167 0.022149634 0.000921090 0.004620946 0.026198307 0.009346222 0.999602377
1305031111.379134 0.089336149 0.011723650 -0.002795083 0.001661878 0.018327037 0.015314237 0.999713361
1305031111.411296 0.085454561 0.016102964 -0.006543119 0.007337929 0.023592157 0.013504931 0.999603510
1305031111.443386 0.114361487 0.018220253 -0.007732083 0.006961287 0.012615664 0.009466837 0.999851346
1305031111.479259 0.139850333 0.017228896 -0.004506346 0.009466669 0.014386277 0.011075815 0.999790311
1305031111.511264 0.141257033 0.017326877 -0.010885471 0.012596448 0.029829213 0.011977165 0.999403894
1305031111.543250 0.167653367 0.017831782 -0.013395583 0.016062357 0.032208826 0.013096620 0.999266267
1305031111.579237 0.175358102 0.024607571 -0.016314141 0.021483609 0.043185927 0.019848147 0.998638809
1305031111.611271 0.166606143 0.024619116 -0.015749512 0.021238033 0.053439539 0.027114930 0.997976899
1305031111.643395 0.220675305 0.014120358 -0.027277268 0.020454638 0.038492788 0.034446478 0.998455524
1305031111.679320 0.231205612 0.022085564 -0.032609120 0.027519943 0.047004163 0.042060427 0.997629285
1305031111.711760 0.224616602 0.028183380 -0.024882643 0.030055122 0.061692163 0.044100229 0.996667445
1305031111.743386 0.264270753 0.024764540 -0.023746714 0.031756341 0.062991023 0.049000900 0.996304452
1305031111.779423 0.267661273 0.033500817 -0.025454769 0.037312988 0.084890388 0.053963248 0.994228005
1305031111.811406 0.263840497 0.029474253 -0.029299542 0.037115153 0.103653267 0.056150358 0.992333412
1305031111.843299 0.311826527 0.028738685 -0.043094352 0.037723556 0.102002457 0.058457464 0.992348313
1305031111.879442 0.310977280 0.028088734 -0.046669021 0.036270596 0.112533458 0.063820571 0.990932703
1305031111.911354 0.321923256 0.028592911 -0.045166284 0.038174689 0.110627823 0.068376958 0.990771830
1305031111.943300 0.335184693 0.028753443 -0.050032340 0.040157501 0.106272072 0.076057173 0.990610361
1305031111.979449 0.362392426 0.037670679 -0.047829732 0.044372376 0.102223404 0.082081594 0.990375757
1305031112.011433 0.372474492 0.032217089 -0.053312160 0.043165646 0.111769520 0.084062137 0.989230931
1305031112.043270 0.382097572 0.033923604 -0.058263179 0.046250969 0.121284567 0.081687130 0.988169074
1305031112.079339 0.399895579 0.035315715 -0.062146503 0.047053915 0.130799323 0.081859320 0.986902475
1305031112.111423 0.437997967 0.041452039 -0.064432517 0.049603436 0.131781727 0.077194482 0.987022817
1305031112.144342 0.457488984 0.044666901 -0.066672400 0.049496688 0.134824052 0.071148060 0.987071693
1305031112.179390 0.471353769 0.047554579 -0.072339043 0.046365410 0.146765873 0.069422014 0.985642254
1305031112.211254 0.482372522 0.038306195 -0.074121967 0.042129468 0.157648593 0.064440474 0.984489441
1305031112.243369 0.488204002 0.038690023 -0.075409941 0.047208931 0.170088455 0.060354311 0.982445240
1305031112.279353 0.496087939 0.039490554 -0.075736791 0.051242061 0.177319974 0.057534333 0.981132865
1305031112.311312 0.512944221 0.036745179 -0.076450199 0.055951212 0.177384377 0.055029221 0.981007636
1305031112.343323 0.519672990 0.037509970 -0.079419978 0.062681481 0.178769901 0.056710932 0.980253160
1305031112.379360 0.533638477 0.042477336 -0.082406968 0.068400852 0.176252037 0.060050670 0.980127752
1305031112.411442 0.539509535 0.044333495 -0.083144672 0.071500577 0.176018372 0.063992232 0.979699016
1305031112.443391 0.549998105 0.042563312 -0.083999231 0.073030487 0.175137907 0.067751743 0.979491174
1305031112.479418 0.574200749 0.048856203 -0.092868164 0.078830495 0.167430416 0.078811072 0.979561925
1305031112.511504 0.581820130 0.046933815 -0.094074443 0.081089854 0.164008960 0.086079277 0.979344606
1305031112.543212 0.590258181 0.048009947 -0.096810304 0.084137477 0.160731539 0.089295693 0.979342937
1305031112.579252 0.596140921 0.050335493 -0.098882958 0.087004542 0.158222720 0.094000190 0.979060650
1305031112.611261 0.613085032 0.056924623 -0.107059807 0.088695399 0.154687598 0.101521105 0.978722811
1305031112.643246 0.619315505 0.057648066 -0.108960830 0.086067982 0.160065591 0.108917117 0.977296472
1305031112.679952 0.623949647 0.056480125 -0.110603623 0.083458878 0.165450469 0.113466993 0.976107597
1305031112.711251 0.635247469 0.062737517 -0.108833328 0.082783081 0.166964129 0.115802631 0.975632966
1305031112.743245 0.634747505 0.071244009 -0.105259150 0.080444999 0.170689583 0.119568586 0.974729180
1305031112.779310 0.633510888 0.064830184 -0.102325045 0.070821710 0.174877748 0.122290462 0.974395752
1305031112.811310 0.620724142 0.058433320 -0.094434850 0.067985840 0.178335160 0.120593831 0.974182546
1305031112.843286 0.616193771 0.063345961 -0.096438035 0.066686466 0.173210114 0.117846228 0.975532353
1305031112.879421 0.616995752 0.062406942 -0.097070336 0.063120790 0.168629244 0.120675743 0.976226032
1305031112.911411 0.609750390 0.064259231 -0.090136670 0.062656783 0.166129500 0.123412147 0.976342440
1305031112.943321 0.602923214 0.060689740 -0.087613806 0.060374934 0.161506712 0.121791303 0.977464736
1305031112.979278 0.600477993 0.059753429 -0.089474842 0.059724174 0.154536545 0.119439878 0.978920639
1305031113.011353 0.595539272 0.064741455 -0.092373461 0.060293239 0.150341004 0.119501010 0.979531407
1305031113.043231 0.586182237 0.062193140 -0.090356410 0.055361297 0.149372295 0.117317334 0.980234504
1305031113.079251 0.570970595 0.048100613 -0.084950715 0.051241327 0.149744645 0.111948043 0.981029332
1305031113.111316 0.559501410 0.053858943 -0.086803228 0.056126390 0.144602075 0.106361099 0.982154489
1305031113.143306 0.552171648 0.058979344 -0.087884419 0.055457350 0.140651643 0.105361633 0.982873619
1305031113.179343 0.541782141 0.051777530 -0.086213507 0.051777679 0.138872564 0.107048959 0.983144939
1305031113.211259 0.526081324 0.049916159 -0.081112638 0.054692209 0.134684309 0.107239187 0.983548999
1305031113.243227 0.511386275 0.056843307 -0.081627518 0.056338876 0.128132924 0.108107418 0.984236062
1305031113.279312 0.504172623 0.046689831 -0.083871797 0.052077562 0.121087387 0.109621331 0.985194862
1305031113.311452 0.489114523 0.040230498 -0.087241463 0.056663178 0.114267118 0.111541584 0.985540867
1305031113.343252 0.466842890 0.044080257 -0.080736130 0.064468801 0.107193545 0.108433746 0.986202538
1305031113.379312 0.453726560 0.044450168 -0.077704169 0.062128618 0.098299704 0.105536938 0.987592578
1305031113.411625 0.443125784 0.036544036 -0.072394677 0.062343664 0.090143494 0.105347067 0.988377154
1305031113.443266 0.399127066 0.031162689 -0.065577403 0.063247703 0.093081005 0.099194750 0.988683999
1305031113.479311 0.382414788 0.028559914 -0.064295895 0.059352282 0.086783946 0.093458332 0.990056276
1305031113.511523 0.369326890 0.022689078 -0.060801297 0.054462180 0.080670759 0.091184355 0.991065860
1305031113.543242 0.357609779 0.018592538 -0.058721837 0.052640032 0.073834240 0.087845877 0.991998315
1305031113.579301 0.341723830 0.017720718 -0.061280500 0.052510224 0.069425546 0.082946345 0.992744982
1305031113.611268 0.307159007 0.018293703 -0.051485673 0.051288895 0.071692109 0.079168431 0.992956221
1305031113.643222 0.294943541 0.016577944 -0.048259065 0.048580933 0.071346082 0.075051516 0.993436933
1305031113.679288 0.279842019 0.012857892 -0.047791246 0.046530101 0.072753429 0.072392032 0.993630350
1305031113.711931 0.275604844 0.008656915 -0.045062713 0.044870589 0.070413813 0.067800768 0.994198978
1305031113.743590 0.264543772 0.009475342 -0.043162577 0.045974281 0.073228396 0.062420446 0.994297564
1305031113.779320 0.214199424 0.008287801 -0.029008387 0.048390444 0.088892311 0.058143225 0.993164599
1305031113.811237 0.204270363 0.010256539 -0.025278214 0.050370496 0.089030690 0.056070615 0.993172944
1305031113.843295 0.192060441 0.009030893 -0.023383148 0.049123902 0.091387168 0.052822094 0.993199408
1305031113.879281 0.179142505 -0.000957289 -0.020769609 0.047566764 0.091748111 0.048360106 0.993469179
1305031113.911290 0.172703251 0.000476095 -0.020316994 0.050995674 0.088676251 0.048718411 0.993560493
1305031113.943291 0.159070164 -0.001756620 -0.015177533 0.053365890 0.091843501 0.045573093 0.993297517
1305031113.979293 0.157288447 -0.009286352 -0.019297577 0.053278506 0.090257823 0.040233184 0.993678093
1305031114.011257 0.142233610 -0.010003731 -0.018450178 0.055990379 0.091814786 0.034770448 0.993592560
1305031114.043301 0.122868687 -0.012326122 -0.016012896 0.057203460 0.091211244 0.032007255 0.993671894
1305031114.079285 0.108907379 -0.018601462 -0.016424621 0.058213744 0.086032055 0.031499449 0.994091272
1305031114.111263 0.098570243 -0.014163855 -0.010698184 0.062456679 0.080152117 0.026214072 0.994478583
1305031114.143284 0.090233937 -0.016160849 -0.006814133 0.062335715 0.073977992 0.022943988 0.995045245
1305031114.179337 0.082992323 -0.020596275 -0.003517791 0.064178564 0.070868880 0.020333245 0.995211184
1305031114.211303 0.067533717 -0.015615994 -0.004435710 0.066967748 0.071860589 0.017306494 0.995013475
1305031114.243337 0.054299902 -0.019292435 0.000803838 0.064075604 0.069384754 0.013992376 0.995431721
1305031114.279390 0.040372521 -0.022849806 0.000307615 0.063559487 0.063654825 0.011071239 0.995884359
1305031114.311429 0.020060455 -0.018290712 0.011604093 0.065252371 0.058652949 0.011563819 0.996076405
1305031114.343331 0.016828360 -0.019943766 0.015175253 0.064312428 0.050720602 0.008759278 0.996601522
1305031114.379320 0.008804372 -0.020576026 0.019993611 0.064661451 0.048875757 0.003334850 0.996704042
1305031114.411397 0.006801461 -0.027300216 0.015347909 0.063036844 0.044055916 -0.001533496 0.997037172
1305031114.443345 -0.015018822 -0.023965325 0.023231974 0.064854778 0.043899894 -0.002873267 0.996924460
1305031114.479332 -0.030112574 -0.029695991 0.026725350 0.063455187 0.038770914 -0.005641924 0.997215331
1305031114.511266 -0.036086280 -0.028197147 0.029011268 0.063695371 0.030586082 -0.008713881 0.997462511
1305031114.543236 -0.035399355 -0.030926678 0.031077655 0.060637817 0.023867462 -0.007213084 0.997848392
1305031114.579237 -0.041771106 -0.033222683 0.032837447 0.059444014 0.023427114 -0.004354868 0.997947216
1305031114.611391 -0.045338802 -0.028966947 0.034612644 0.058859464 0.021851081 -0.002019437 0.998025060
1305031114.644136 -0.053120788 -0.031946756 0.035761289 0.053762566 0.019799454 -0.000788113 0.998357117
1305031114.679251 -0.057143159 -0.036447361 0.037214149 0.050513942 0.013297684 -0.001205081 0.998634100
1305031114.711306 -0.055488758 -0.038078152 0.038877815 0.050105818 0.007678442 -0.000515593 0.998714268
1305031114.743200 -0.056403868 -0.039561294 0.040803537 0.050755911 0.004859338 -0.005052618 0.998686492
1305031114.779289 -0.055240747 -0.037536606 0.039654572 0.053203840 0.003179869 -0.008620929 0.998541415
1305031114.811303 -0.054977220 -0.033823565 0.040109780 0.054026369 0.003555683 -0.009901351 0.998484075
1305031114.843208 -0.053974818 -0.034858067 0.038541812 0.053301595 0.003159807 -0.012202829 0.998498917
1305031114.879281 -0.050495990 -0.029955449 0.038050968 0.054092377 0.002575435 -0.012280865 0.998457074
1305031114.912879 -0.047504514 -0.027180072 0.037185088 0.053315684 0.002269614 -0.012780442 0.998493373
1305031114.943234 -0.039115630 -0.022656232 0.038590871 0.051827576 0.001449346 -0.014266488 0.998553097
1305031114.979280 -0.033969037 -0.020460036 0.039038382 0.049538624 0.004006072 -0.014804600 0.998654425
1305031115.011300 -0.028911332 -0.017088646 0.039664388 0.045638774 0.005143542 -0.015050621 0.998831391
1305031115.043508 -0.017558141 -0.018225681 0.042993881 0.041505598 0.006534817 -0.014692523 0.999008894
1305031115.079238 -0.003769550 -0.010673770 0.042193595 0.041776553 0.007883483 -0.014780631 0.998986542
1305031115.111230 0.015112681 -0.008606096 0.047572233 0.039191213 0.009081952 -0.012555273 0.999111593
1305031115.143275 0.028463315 -0.013003839 0.044089857 0.035588395 0.017070165 -0.008227901 0.999186873
1305031115.179440 0.035138864 -0.012177820 0.040544558 0.033476967 0.021251215 -0.006194847 0.999194324
1305031115.211374 0.054682475 -0.014737522 0.045848623 0.032740522 0.020846827 -0.002173510 0.999244094
1305031115.243297 0.069620430 -0.016252680 0.044197071 0.036519639 0.025533995 0.001487979 0.999005556
1305031115.279966 0.081205569 -0.006971190 0.044933390 0.039989490 0.028570486 0.005673941 0.998775423
1305031115.311704 0.102942012 -0.010542223 0.052083891 0.039355535 0.030947836 0.013301382 0.998657346
1305031115.343235 0.117460445 -0.004759687 0.047872487 0.043938819 0.040369466 0.016442988 0.998082817
1305031115.379166 0.115290530 0.004122063 0.046825077 0.042155255 0.047844101 0.020393731 0.997756481
1305031115.411237 0.134139463 -0.000315524 0.049044862 0.034551032 0.039484754 0.024451889 0.998323262
1305031115.443159 0.155475229 0.002411760 0.048163395 0.032229938 0.035257634 0.030463345 0.998393774
1305031115.479241 0.167958811 0.007181905 0.048173267 0.029809186 0.036237460 0.036006268 0.998249352
1305031115.511253 0.197997004 0.005232786 0.047787737 0.025853267 0.032800179 0.041908037 0.998248219
1305031115.543604 0.234191328 0.006788942 0.037150770 0.025325470 0.038365163 0.048776157 0.997751296
1305031115.579315 0.241705090 0.006686334 0.037621282 0.025374196 0.052823059 0.056440402 0.996684670
1305031115.611424 0.252404124 0.009492736 0.040410534 0.027112981 0.060227025 0.062234122 0.995873749
1305031115.643254 0.267278105 0.010690222 0.038166244 0.029049529 0.066721648 0.069990233 0.994889796
1305031115.679241 0.273920804 0.012193842 0.035669517 0.031648740 0.071781680 0.080744207 0.993642867
1305031115.711320 0.294720441 0.018165652 0.031473726 0.033939861 0.068905510 0.089702651 0.993002295
1305031115.743250 0.319457352 0.020065285 0.029208969 0.034180470 0.072116747 0.095683284 0.992207408
1305031115.779425 0.338660389 0.021985527 0.020079620 0.035625067 0.079895064 0.103763632 0.990747571
1305031115.811277 0.356195569 0.025643475 0.014297642 0.035637401 0.086736567 0.113039024 0.989155710
1305031115.843224 0.367675602 0.026312986 0.013791882 0.033391651 0.096892610 0.120978922 0.987350464
1305031115.879198 0.373548865 0.025987603 0.015563399 0.035062071 0.105376594 0.127935767 0.985544980
1305031115.911118 0.388979048 0.031542584 0.012245104 0.038160075 0.107357614 0.133302525 0.984504223
1305031115.943311 0.404650390 0.035278328 0.011076614 0.037755787 0.112292655 0.140346721 0.982989132
1305031115.980740 0.459818572 0.040710814 0.004556909 0.035077177 0.104220957 0.146078125 0.983142316
1305031116.011379 0.478912234 0.046850882 0.001389846 0.033213563 0.110327967 0.150069609 0.981938779
1305031116.043164 0.492785960 0.049749099 0.001057170 0.029456042 0.121709272 0.153990984 0.980105102
1305031116.080030 0.500405133 0.057824906 0.003500819 0.027023897 0.131689727 0.157920599 0.978257954
1305031116.111300 0.511390150 0.053807639 0.005436182 0.017312471 0.141144365 0.162504584 0.976407111
1305031116.143441 0.522890091 0.054382876 0.004796147 0.012442263 0.148108169 0.166895449 0.974707663
1305031116.179572 0.533154011 0.062074497 0.005729884 0.013052227 0.152592272 0.169879347 0.973491788
1305031116.211299 0.542119086 0.061208781 0.006209746 0.007273702 0.158357114 0.174263880 0.971855044
1305031116.243320 0.555469751 0.056112349 0.007109851 0.001777122 0.163520172 0.177468732 0.970444620
1305031116.279385 0.572478652 0.059218824 0.000975728 0.001024633 0.168400943 0.182446957 0.968686342
1305031116.311336 0.573425233 0.061449200 0.003332317 -0.001597343 0.179313511 0.186445907 0.965961695
1305031116.343292 0.586028993 0.055568084 0.000154540 -0.005531708 0.183669090 0.189762563 0.964481831
1305031116.379384 0.588661075 0.056352027 -0.001188055 0.000252614 0.187997684 0.189879790 0.963640213
1305031116.411333 0.585765243 0.060345180 -0.001844943 0.005391903 0.192094371 0.193571806 0.962081432
1305031116.443369 0.588654160 0.064676464 -0.006563693 0.004948025 0.191356763 0.203491598 0.960181892
1305031116.479850 0.590813935 0.056631476 -0.007971525 0.001578599 0.191741943 0.207401142 0.959279597
1305031116.511205 0.585993052 0.055915136 -0.010056302 0.003009771 0.192196265 0.203068256 0.960111856
1305031116.543262 0.577485859 0.055897519 -0.009282321 0.005379870 0.194320917 0.198338896 0.960662365
1305031116.579313 0.563564122 0.057561807 -0.007267535 0.006672903 0.194888934 0.194919884 0.961238801
1305031116.611261 0.560820758 0.056103349 -0.013855428 0.007150816 0.185908586 0.189324751 0.964128137
1305031116.643355 0.537006021 0.053540826 -0.008234382 0.009205508 0.183987394 0.178341463 0.966570318
1305031116.679281 0.527732134 0.053590249 -0.008960307 0.010122634 0.176124290 0.169409811 0.969627798
1305031116.711634 0.516664326 0.053781673 -0.007904649 0.010892143 0.171844527 0.159726009 0.972028017
1305031116.743291 0.502950907 0.055830203 -0.007601276 0.010540301 0.167752296 0.149029851 0.974442482
1305031116.779298 0.485709667 0.050798759 -0.005537823 0.006328972 0.165502235 0.138485491 0.976417303
1305031116.811318 0.457424104 0.047587387 -0.000292033 0.007251862 0.167191759 0.129683867 0.977331281
1305031116.846089 0.437709332 0.047329951 0.002419591 0.010250838 0.160196930 0.121131793 0.979570806
1305031116.880165 0.420250684 0.047668457 0.002284937 0.010061060 0.151144460 0.113919333 0.981873989
1305031116.912044 0.399005324 0.042303130 0.004320718 0.009732967 0.143537119 0.108912334 0.983585536
1305031116.943296 0.379018039 0.047925383 0.012129344 0.012747808 0.131401539 0.099879079 0.986202478
1305031116.979351 0.368268549 0.041210718 0.005600139 0.010229656 0.117781177 0.088813871 0.989007115
1305031117.011382 0.319138050 0.044644330 0.015855543 0.015424476 0.116784975 0.079757743 0.989829302
1305031117.043261 0.305504531 0.049258173 0.018699188 0.017154396 0.106741615 0.072832085 0.991467297
1305031117.079520 0.290722430 0.052786075 0.022742327 0.017298648 0.098079130 0.065578870 0.992864847
1305031117.111238 0.283839881 0.047444604 0.019558460 0.012925947 0.083817780 0.064288191 0.994321167
1305031117.143218 0.265825599 0.054060891 0.023089681 0.013785312 0.076138943 0.062646158 0.995031774
1305031117.179264 0.247344360 0.047846384 0.024843831 0.008961393 0.071374252 0.058726426 0.995678961
1305031117.211361 0.241587564 0.046373423 0.026205424 0.006602207 0.063246891 0.055255566 0.996445239
1305031117.243277 0.248071566 0.055890597 0.026917838 0.006174736 0.057083357 0.053229224 0.996930301
1305031117.279299 0.245391279 0.054259103 0.028388981 0.000857019 0.058045764 0.049223047 0.997099340
1305031117.311200 0.242220834 0.049207069 0.030367455 -0.004258960 0.060239792 0.048520744 0.996994853
1305031117.343243 0.241003662 0.045957338 0.030704532 -0.006073824 0.059486315 0.047704868 0.997070074
1305031117.379454 0.241834074 0.040436603 0.029953085 -0.006637291 0.059018373 0.047550436 0.997101665
1305031117.411221 0.239786670 0.034112908 0.027668593 -0.006171598 0.058052745 0.048194934 0.997130394
1305031117.443274 0.241326779 0.031651467 0.027092448 -0.002776098 0.055853784 0.049186528 0.997222781
1305031117.479403 0.241172984 0.024088843 0.026257459 -0.001781059 0.055193849 0.049758878 0.997233391
1305031117.511325 0.241698712 0.016704611 0.026247190 0.001190839 0.053657170 0.050993778 0.997255802
1305031117.544285 0.241975829 0.013744747 0.025410138 0.006946260 0.052896474 0.050596856 0.997293174
1305031117.579155 0.240382656 0.007141784 0.024065560 0.009328933 0.052223366 0.049030948 0.997387409
1305031117.611159 0.240361094 0.001190427 0.024999086 0.010767071 0.050890781 0.049288448 0.997429132
1305031117.643252 0.241083279 -0.007569918 0.026722005 0.012241489 0.048773065 0.050305564 0.997467101
1305031117.679262 0.240408525 -0.015194748 0.027136490 0.012237411 0.046553422 0.050944246 0.997540832
1305031117.711184 0.245287046 -0.025722608 0.030806074 0.011363534 0.042779930 0.052446049 0.997642279
1305031117.743184 0.247289032 -0.033883415 0.033050001 0.012203421 0.040005263 0.055692445 0.997571528
1305031117.779467 0.248944640 -0.042929735 0.033421420 0.012137495 0.037325677 0.057841290 0.997553945
1305031117.811320 0.253394693 -0.056408029 0.037559509 0.010313121 0.034246314 0.059814427 0.997568607
1305031117.843291 0.261640996 -0.065716237 0.041614816 0.012677924 0.032226846 0.061328780 0.997516692
1305031117.879451 0.263434559 -0.075770415 0.040751562 0.012808724 0.035242315 0.061848894 0.997380853
1305031117.911407 0.264386684 -0.086761273 0.043065265 0.013292339 0.038239557 0.060040995 0.997374594
1305031117.943253 0.265569091 -0.093664005 0.044596415 0.015049377 0.040394519 0.059490204 0.997297704
1305031117.979228 0.263889790 -0.102851503 0.047006100 0.013221582 0.043047007 0.060009766 0.997181535
1305031118.011228 0.267531127 -0.120134011 0.052198268 0.009098032 0.042591576 0.060047477 0.997244954
1305031118.043521 0.267018229 -0.127968580 0.054267488 0.010993122 0.044894453 0.060088757 0.997122347
1305031118.079334 0.268349886 -0.136809766 0.056055665 0.011120668 0.046580411 0.058565710 0.997134209
1305031118.111217 0.281236082 -0.152314782 0.063001610 0.009698367 0.046916511 0.058035899 0.997164249
1305031118.143256 0.280378222 -0.162736461 0.062644899 0.010227947 0.052254550 0.056924365 0.996957600
1305031118.179323 0.282756269 -0.173402712 0.068711773 0.010534396 0.054946877 0.055579901 0.996885478
1305031118.211202 0.280662596 -0.187913224 0.068645507 0.012119954 0.058642190 0.056557842 0.996601880
1305031118.243173 0.274407119 -0.192734003 0.069864079 0.016593546 0.060523018 0.055700980 0.996473253
1305031118.279194 0.278559983 -0.205549344 0.071507439 0.018760607 0.059871554 0.055419631 0.996489882
1305031118.311299 0.285011202 -0.216801271 0.074909568 0.025260679 0.057920761 0.054472618 0.996513784
1305031118.343324 0.286530524 -0.220600173 0.078608371 0.030904125 0.059376214 0.052745599 0.996361971
1305031118.379208 0.284753472 -0.228578180 0.079948455 0.034434468 0.062089108 0.051003929 0.996171534
1305031118.411296 0.282571405 -0.232862517 0.079033002 0.037319057 0.061299194 0.050436057 0.996145487
1305031118.445692 0.284279764 -0.234351754 0.081483334 0.038629975 0.060974367 0.053484675 0.995956421
1305031118.479285 0.296887070 -0.242479488 0.084714390 0.037258256 0.056054093 0.054995634 0.996215463
1305031118.511255 0.298148483 -0.239841908 0.084559202 0.039979927 0.055908073 0.055781949 0.996074438
1305031118.544414 0.295575798 -0.232514948 0.085158825 0.040680815 0.057770390 0.054610774 0.996004701
1305031118.579285 0.298798919 -0.230536908 0.086336732 0.038475782 0.057680216 0.054313600 0.996113777
1305031118.616142 0.299366176 -0.225307882 0.086230017 0.037981428 0.059571352 0.052357569 0.996126175
1305031118.645325 0.297401041 -0.215704620 0.086337499 0.037868857 0.062041007 0.049904414 0.996105611
1305031118.679295 0.295887887 -0.206399724 0.084957488 0.035035729 0.063108027 0.049337100 0.996170521
1305031118.711421 0.294977218 -0.204307765 0.085119322 0.032581918 0.062757596 0.047010589 0.996388435
1305031118.746770 0.289737791 -0.194333538 0.081121251 0.035045870 0.061363026 0.047349498 0.996375620
1305031118.779277 0.287394136 -0.173711598 0.078268617 0.036036991 0.057464551 0.046307836 0.996621668
1305031118.811221 0.280614138 -0.173511699 0.077397309 0.029706737 0.057555787 0.046182390 0.996831000
1305031118.846753 0.283933222 -0.162599429 0.074070379 0.033750467 0.056159526 0.047238518 0.996732414
1305031118.879208 0.289197415 -0.138553873 0.068670794 0.037629467 0.055939443 0.044517040 0.996731162
1305031118.911177 0.277162164 -0.134643987 0.065571845 0.033046696 0.060484819 0.042891026 0.996699452
1305031118.946974 0.274467319 -0.121055141 0.061051413 0.034324147 0.062093254 0.041197617 0.996628821
1305031118.979374 0.267920852 -0.103063151 0.056205019 0.035140384 0.064537391 0.036190070 0.996639550
1305031119.011363 0.265018612 -0.089717969 0.054039929 0.031669244 0.064104713 0.034803003 0.996833146
1305031119.047172 0.257295460 -0.077086851 0.049247727 0.029876865 0.065014526 0.034693033 0.996833444
1305031119.079223 0.252117783 -0.066764876 0.043401830 0.029297853 0.063537881 0.034617670 0.996948421
1305031119.111328 0.249894187 -0.055989821 0.039981682 0.029460620 0.059686702 0.035268877 0.997158825
1305031119.147616 0.245544255 -0.043616928 0.035879910 0.030008359 0.056659680 0.036280677 0.997282743
1305031119.179226 0.240805089 -0.035210993 0.033499554 0.030085878 0.052428275 0.036113422 0.997517884
1305031119.211364 0.240656421 -0.021819770 0.030634059 0.033814501 0.049817234 0.037132367 0.997494876
1305031119.247399 0.236138448 -0.009137980 0.028084349 0.035642028 0.049402148 0.037245560 0.997447670
1305031119.279212 0.236751765 0.000884090 0.024290156 0.035581023 0.047485620 0.037640791 0.997528076
1305031119.311212 0.234624580 0.009424936 0.021366486 0.035167970 0.046738472 0.040451419 0.997467995
1305031119.347741 0.231183022 0.017462293 0.018490650 0.036039464 0.045476433 0.042093623 0.997427285
1305031119.379239 0.233728006 0.030431176 0.013970900 0.037092913 0.042517111 0.041983128 0.997523844
1305031119.411484 0.237154275 0.038586609 0.011986973 0.035562299 0.040917374 0.043240122 0.997592807
1305031119.447706 0.234773502 0.047654368 0.009753630 0.034797512 0.043748040 0.043452963 0.997490406
1305031119.479267 0.230983168 0.062250048 0.009468781 0.037838679 0.046423867 0.042280782 0.997309029
1305031119.511240 0.226507366 0.071799189 0.006857987 0.036039218 0.048153281 0.043704525 0.997232318
1305031119.547382 0.224583462 0.083422206 0.005123291 0.035437722 0.047917437 0.045064911 0.997204721
1305031119.579559 0.225255907 0.100067854 0.005964624 0.035191964 0.047838628 0.045601502 0.997192800
1305031119.615017 0.223083153 0.107715614 0.005388787 0.030402550 0.049541242 0.047393542 0.997183621
1305031119.647903 0.218735263 0.125301212 0.006232242 0.030717017 0.050657064 0.048127633 0.997082770
1305031119.679208 0.217977181 0.138005167 0.005966783 0.027120046 0.052728608 0.046054807 0.997177601
1305031119.715232 0.216385737 0.145272031 0.007313266 0.020490943 0.056590252 0.049945340 0.996936858
1305031119.747193 0.210288644 0.151733905 0.008831766 0.016906422 0.058898799 0.054795776 0.996615529
1305031119.779169 0.209016949 0.162756950 0.010216018 0.015167581 0.056576148 0.057684228 0.996615052
1305031119.814537 0.209529921 0.172453538 0.008656275 0.013603713 0.054653682 0.061166953 0.996537268
1305031119.847429 0.211714298 0.186756462 0.009150153 0.012750989 0.053283900 0.066172361 0.996302903
1305031119.879214 0.210840955 0.191339821 0.009353466 0.011236142 0.054882832 0.066374198 0.996220887
1305031119.911401 0.204263702 0.206459954 0.008322660 0.014064089 0.058558688 0.066810496 0.995946527
1305031119.947392 0.206213266 0.213330522 0.007666029 0.009271758 0.058297250 0.067824073 0.995949507
1305031119.979537 0.208745018 0.216348052 0.007152364 0.005246424 0.059808657 0.067905091 0.995883703
1305031120.015264 0.206165507 0.236435577 0.007966036 0.005786404 0.064114951 0.068811201 0.995550513
1305031120.047290 0.202263832 0.231328025 0.009853333 -0.004612640 0.065651715 0.071212858 0.995287597
1305031120.079418 0.197008848 0.226563692 0.007027393 -0.007084741 0.064049758 0.073655345 0.995199621
1305031120.115232 0.196050569 0.232927948 0.008142099 -0.005977283 0.061634202 0.075631365 0.995211244
1305031120.148157 0.198765591 0.228041381 0.008239068 -0.009461354 0.059925634 0.076338641 0.995234549
1305031120.179246 0.198807850 0.227721855 0.009069514 -0.006772821 0.060611371 0.079085752 0.995000422
1305031120.215249 0.205769584 0.215346277 0.006701637 -0.006935817 0.058096856 0.079431303 0.995121777
1305031120.248003 0.205310851 0.214035213 0.007007074 -0.001906762 0.059183393 0.077154040 0.995259225
1305031120.279430 0.207561970 0.207109541 0.007730246 0.000493807 0.059863470 0.074678876 0.995409071
1305031120.315196 0.207636759 0.197096795 0.007672008 0.001622255 0.061342005 0.072272122 0.995495498
1305031120.347787 0.211105376 0.189717665 0.008970799 0.005044115 0.061077464 0.070450582 0.995630860
1305031120.379437 0.211344704 0.177689150 0.009257428 0.005614782 0.061986901 0.069048479 0.995669842
1305031120.415445 0.218411684 0.156156808 0.011631126 0.007509512 0.060147770 0.069409139 0.995745063
1305031120.447417 0.219469622 0.153165847 0.013284685 0.016701762 0.059850935 0.068329580 0.995725870
1305031120.479432 0.223826945 0.138683364 0.015253464 0.017633095 0.058482211 0.068232469 0.995797813
1305031120.514819 0.222441450 0.126712173 0.017969772 0.024283137 0.058558673 0.069347091 0.995576322
1305031120.547736 0.224478781 0.117477342 0.019671189 0.031098217 0.055689733 0.070659794 0.995459080
1305031120.579551 0.220977873 0.106285065 0.023042921 0.034691982 0.054088321 0.072817497 0.995273054
1305031120.615236 0.227213562 0.091341943 0.026128536 0.036371563 0.048686590 0.074128754 0.995395243
1305031120.647354 0.230206490 0.085308388 0.028208911 0.042678598 0.045890417 0.073376834 0.995333374
1305031120.679318 0.234513104 0.076367334 0.030526243 0.044998404 0.043723390 0.073823243 0.995295703
1305031120.714522 0.235905886 0.066908672 0.032493096 0.047075000 0.043552205 0.074098818 0.995186687
1305031120.747369 0.237109482 0.056312881 0.034606744 0.047867592 0.041558396 0.074149184 0.995230377
1305031120.779894 0.239410818 0.044114824 0.038462728 0.049564343 0.039882332 0.074276678 0.995206416
1305031120.814944 0.241015926 0.038571559 0.039843235 0.053154726 0.039638739 0.073547997 0.995084941
1305031120.847921 0.244234428 0.027376521 0.042065296 0.051611129 0.038329098 0.072176665 0.995317876
1305031120.883435 0.249421015 0.014926310 0.042185616 0.052536495 0.038057525 0.070124537 0.995426595
1305031120.915444 0.248206496 0.010379644 0.043430537 0.055185903 0.040585905 0.067822568 0.995342851
1305031120.947488 0.249562189 -0.000509319 0.044831663 0.054516669 0.041178185 0.066456124 0.995447576
1305031120.983366 0.249651015 -0.011339196 0.045864712 0.054383457 0.041943226 0.063896574 0.995590508
1305031121.015019 0.251345873 -0.022398222 0.046096943 0.055339899 0.041429512 0.062596917 0.995641887
1305031121.047498 0.250286847 -0.027719114 0.046971761 0.057008151 0.042510644 0.061176799 0.995590448
1305031121.083099 0.252689958 -0.042511329 0.048141476 0.056271181 0.040949803 0.059909102 0.995774865
1305031121.114696 0.252878815 -0.049015313 0.048194010 0.059835177 0.040268250 0.059826594 0.995599806
1305031121.147331 0.254078537 -0.059755310 0.048337460 0.060764495 0.039686538 0.059023421 0.995614827
1305031121.183271 0.259700924 -0.074400969 0.049143177 0.060485065 0.037040208 0.058812510 0.995746255
1305031121.211420 0.264984608 -0.084586605 0.049843214 0.062590457 0.036335375 0.058707666 0.995648324
1305031121.247194 0.262270510 -0.092522033 0.049968764 0.064513251 0.039173178 0.057892233 0.995465696
1305031121.282876 0.264113903 -0.104630396 0.049458347 0.063602716 0.037552387 0.059119266 0.995514631
1305031121.313568 0.267642587 -0.116407774 0.052115321 0.065926440 0.036933590 0.059447311 0.995367050
1305031121.347517 0.266065180 -0.125168622 0.052179996 0.067634746 0.036649160 0.060557719 0.995196044
1305031121.383226 0.279097974 -0.134371474 0.056428961 0.069756173 0.031506550 0.060558610 0.995225668
1305031121.414318 0.278378844 -0.142195687 0.056581177 0.074362740 0.033547737 0.058767460 0.994932711
1305031121.447319 0.280913651 -0.150315702 0.058685713 0.075550251 0.033342287 0.059688445 0.994795322
1305031121.482964 0.286348611 -0.164758593 0.061308034 0.075954087 0.034522861 0.061107315 0.994638145
1305031121.514107 0.283538401 -0.169861212 0.060348235 0.079660557 0.037127372 0.062205978 0.994186223
1305031121.547270 0.283770800 -0.174074829 0.061843697 0.079651415 0.037524436 0.062378135 0.994161248
1305031121.583204 0.288247168 -0.188057005 0.063815825 0.076697543 0.037942532 0.061951742 0.994404256
1305031121.614700 0.288501114 -0.195798367 0.064372614 0.077809721 0.040414803 0.060689267 0.994298279
1305031121.647183 0.290501326 -0.201527849 0.065066114 0.078234948 0.044549767 0.058359619 0.994227707
1305031121.683200 0.287578106 -0.209887639 0.066058092 0.075517282 0.049391426 0.057154324 0.994279146
1305031121.714520 0.286337465 -0.219486475 0.066482194 0.074238010 0.050528005 0.058516555 0.994239151
1305031121.747145 0.286865979 -0.223256916 0.067592636 0.073261566 0.050756812 0.059060335 0.994267762
1305031121.782835 0.289210081 -0.231970713 0.070114605 0.071054846 0.050565049 0.061344534 0.994299412
1305031121.811540 0.293938547 -0.245960146 0.073157117 0.067051470 0.050547596 0.062897772 0.994481206
1305031121.847335 0.293038756 -0.249175042 0.072738223 0.065396704 0.052417926 0.065823093 0.994305253
1305031121.882060 0.293543190 -0.252603948 0.073721856 0.063361973 0.051815894 0.072531894 0.994001746
1305031121.914931 0.291456044 -0.254650474 0.073224351 0.061577965 0.050580565 0.074202470 0.994054198
1305031121.947288 0.293988585 -0.253264099 0.074787840 0.062220238 0.047843575 0.073587634 0.994195402
1305031121.982926 0.293858677 -0.247280270 0.074938692 0.063204281 0.048367433 0.072988793 0.994152129
1305031122.014256 0.291810155 -0.245211095 0.074654326 0.062070780 0.048841424 0.070953183 0.994347692
1305031122.047306 0.290335923 -0.238226086 0.073540807 0.063514188 0.048081502 0.067158103 0.994557142
1305031122.082959 0.289993912 -0.230703250 0.071993247 0.064138927 0.047669109 0.063625775 0.994769096
1305031122.114672 0.285360813 -0.208523586 0.068657234 0.069347449 0.048656352 0.060170248 0.994586885
1305031122.150725 0.286348611 -0.201160342 0.067979194 0.067610592 0.047860496 0.055630539 0.995009243
1305031122.183042 0.284729242 -0.189940542 0.065424830 0.068962738 0.049538717 0.050365530 0.995114744
1305031122.214959 0.278831065 -0.167771220 0.063383833 0.068592831 0.052221335 0.044889212 0.995265245
1305031122.251319 0.278558046 -0.163866729 0.062954530 0.061124858 0.052297208 0.042401310 0.995856881
1305031122.283560 0.272713602 -0.150540113 0.057930335 0.060962122 0.052699979 0.039636161 0.995959461
1305031122.314289 0.270067126 -0.130269542 0.058972377 0.057156347 0.049858011 0.036949530 0.996434689
1305031122.351327 0.267065376 -0.121786177 0.056196585 0.050407141 0.047867857 0.034285378 0.996991634
1305031122.382630 0.262957960 -0.107136473 0.056031965 0.046756454 0.045592599 0.034608427 0.997264981
1305031122.414997 0.253133237 -0.104151249 0.049558025 0.040884808 0.043979600 0.034735296 0.997590899
1305031122.451257 0.254662931 -0.086384356 0.046748925 0.041502554 0.037552305 0.034833118 0.997824609
1305031122.483360 0.253241062 -0.076513015 0.043033760 0.038274344 0.032219883 0.034811579 0.998140812
1305031122.515097 0.252545923 -0.060701620 0.043225288 0.039037250 0.027778393 0.033752508 0.998281121
1305031122.551490 0.252729118 -0.050728440 0.037494987 0.036777169 0.026452318 0.031651556 0.998471797
1305031122.583208 0.250679225 -0.039685104 0.035677545 0.035580054 0.027693531 0.030739900 0.998510003
1305031122.614980 0.243789509 -0.030136000 0.032681771 0.035088234 0.028996803 0.030743381 0.998490274
1305031122.648788 0.240906805 -0.019487726 0.028804351 0.036520224 0.027369102 0.031722613 0.998454213
1305031122.683402 0.233007684 -0.015251073 0.022641294 0.034838170 0.027980097 0.033934843 0.998424649
1305031122.715208 0.234708607 0.001858308 0.024597399 0.037637178 0.023747195 0.035575133 0.998375654
1305031122.751298 0.227499157 0.011844116 0.018161785 0.037320323 0.022902885 0.036367320 0.998378694
1305031122.783423 0.231763706 0.035997424 0.017812334 0.038151905 0.020431161 0.035443991 0.998434126
1305031122.812555 0.230372176 0.044713728 0.018506264 0.033080999 0.021281719 0.034712140 0.998622954
1305031122.851418 0.233149171 0.056063142 0.017418811 0.031542581 0.023788841 0.033411257 0.998660564
1305031122.883754 0.227572635 0.069189280 0.015928946 0.029730460 0.031117762 0.034235615 0.998486757
1305031122.914571 0.224685505 0.072793797 0.017464917 0.024940649 0.033566117 0.035989586 0.998476863
1305031122.951341 0.222104535 0.079741403 0.015177278 0.023616629 0.034630112 0.037040923 0.998434305
1305031122.982815 0.217447579 0.090847962 0.013544446 0.023046456 0.035008982 0.041128695 0.998274386
1305031123.015450 0.212331265 0.090340883 0.013591992 0.018612087 0.034492377 0.044908777 0.998221934
1305031123.051827 0.212584078 0.097695827 0.012746116 0.019469116 0.034293316 0.046244383 0.998151481
1305031123.082975 0.210422635 0.111480653 0.011826450 0.021752648 0.035044987 0.048926231 0.997950315
1305031123.113873 0.207811207 0.122459680 0.011007322 0.019570559 0.036364321 0.050828498 0.997853220
1305031123.150822 0.206052452 0.130574599 0.010986111 0.016835608 0.037003379 0.051399440 0.997850358
1305031123.182155 0.215474680 0.150582805 0.013089042 0.018132441 0.034760218 0.051866047 0.997884214
1305031123.214704 0.214691862 0.163057357 0.014171148 0.014927409 0.039095648 0.051276460 0.997807324
1305031123.250618 0.210814267 0.179407984 0.014470605 0.011825066 0.043416049 0.051558394 0.997655749
1305031123.282347 0.212108731 0.189608887 0.017451238 0.004211923 0.044665337 0.055430003 0.997454166
1305031123.311327 0.210494459 0.196902156 0.019685274 -0.001537097 0.048806656 0.056401271 0.997213304
1305031123.350481 0.211602971 0.207048014 0.020369286 -0.005670559 0.051524181 0.058017742 0.996968925
1305031123.382255 0.213922143 0.217498526 0.022063946 -0.009201888 0.054126658 0.062067892 0.996560693
1305031123.411363 0.210194215 0.222146377 0.021432675 -0.014066668 0.059785109 0.065151669 0.995983481
1305031123.451255 0.207900390 0.231684357 0.021939021 -0.015380770 0.062408544 0.067181073 0.995668232
1305031123.483594 0.207744300 0.242746130 0.023498952 -0.017661370 0.063314527 0.072161607 0.995224595
1305031123.511360 0.208493337 0.244496092 0.021221299 -0.023269206 0.063816652 0.075908005 0.994798422
1305031123.551513 0.206678003 0.255546451 0.022969980 -0.022507746 0.063995183 0.077430397 0.994687140
1305031123.579583 0.210324720 0.258200526 0.022137724 -0.027033143 0.062161434 0.081159279 0.994393408
1305031123.611335 0.209023952 0.270799398 0.022273980 -0.025540678 0.063662864 0.082857080 0.994197845
1305031123.652411 0.209953696 0.282361239 0.022826973 -0.027744774 0.064822771 0.082603417 0.994084954
1305031123.683753 0.210647866 0.292142868 0.022946216 -0.030336656 0.067482553 0.084916756 0.993637204
1305031123.711323 0.211044893 0.298669189 0.023405652 -0.034365438 0.070289396 0.086616777 0.993164599
1305031123.751723 0.209836930 0.304398745 0.024593603 -0.036094151 0.072039783 0.088837817 0.992781639
1305031123.783858 0.210176587 0.311101615 0.024709929 -0.035378076 0.070939653 0.090596639 0.992727637
1305031123.811608 0.211129934 0.311563790 0.023235902 -0.036973283 0.070141248 0.091482438 0.992645025
1305031123.851444 0.209761679 0.311507493 0.023248702 -0.038286380 0.070214316 0.094544679 0.992303073
1305031123.883786 0.208338797 0.286884397 0.016428337 -0.051001411 0.070407577 0.096082404 0.991569340
1305031123.911243 0.214053214 0.289269030 0.015820492 -0.045781884 0.066448458 0.094303355 0.992267847
1305031123.951442 0.209536567 0.295202702 0.017900672 -0.041343782 0.068014972 0.095327713 0.992258668
1305031123.983415 0.210887849 0.279063433 0.017113164 -0.048785526 0.065481551 0.097458899 0.991883993
1305031124.011302 0.210522309 0.277971089 0.019911736 -0.040082667 0.062747106 0.095594682 0.992631793
1305031124.051505 0.210262135 0.279932499 0.021452881 -0.031881787 0.060034301 0.095826194 0.993074417
1305031124.083837 0.211389497 0.261648744 0.021087117 -0.037122972 0.057983272 0.096147694 0.992983103
1305031124.111331 0.217429385 0.252959579 0.025347736 -0.030613786 0.053334031 0.094542213 0.993619680
1305031124.147446 0.214969248 0.258406729 0.027607854 -0.019095980 0.054012205 0.091005802 0.994201183
1305031124.182694 0.218018249 0.242576778 0.028218739 -0.022012845 0.052684966 0.089656770 0.994334698
1305031124.211396 0.219579041 0.231715441 0.031218950 -0.016212219 0.052554667 0.087036587 0.994685829
1305031124.249327 0.220012888 0.223681927 0.029563924 -0.011392832 0.051598076 0.086900018 0.994814694
1305031124.282545 0.220695764 0.217528790 0.030291094 -0.009699351 0.047534700 0.086049281 0.995109022
1305031124.311361 0.225971028 0.202955708 0.031892266 -0.007421963 0.042542849 0.085734300 0.995381653
1305031124.350354 0.227239743 0.189609408 0.030661508 -0.004585907 0.040052239 0.083100505 0.995725453
1305031124.382420 0.231519043 0.180273712 0.032596309 -0.000411390 0.037113573 0.081563741 0.995976806
1305031124.411439 0.233002111 0.168851346 0.032840837 0.004494673 0.036415763 0.079800338 0.996135354
1305031124.450245 0.235033125 0.158616871 0.031704687 0.011101875 0.035666179 0.078077048 0.996247292
1305031124.480099 0.236325771 0.144117147 0.030814972 0.015593023 0.035423528 0.074353643 0.996480584
1305031124.511324 0.235280529 0.136953726 0.031141927 0.023540273 0.035362326 0.071548589 0.996532023
1305031124.550437 0.236188710 0.124036193 0.030174868 0.026596434 0.034497637 0.068258673 0.996716261
1305031124.579404 0.237786800 0.110275716 0.031267613 0.029707303 0.032467529 0.065008558 0.996913850
1305031124.611358 0.240101308 0.095535241 0.032383464 0.033639707 0.030495524 0.062270600 0.997025967
1305031124.651271 0.241591290 0.085132904 0.033103086 0.037589427 0.028705942 0.060067680 0.997073114
1305031124.679362 0.246171728 0.071137682 0.034272932 0.040748190 0.026548147 0.058267102 0.997115672
1305031124.711251 0.248145655 0.059856731 0.034676172 0.044943023 0.026875438 0.055895995 0.997062445
1305031124.749890 0.247953176 0.046644177 0.036605284 0.046673935 0.027981952 0.053410202 0.997088730
1305031124.779365 0.251962870 0.033121668 0.038913559 0.049489733 0.026103286 0.053545039 0.996996641
1305031124.811360 0.253979564 0.021786731 0.040793806 0.051784832 0.025358913 0.052526738 0.996953428
1305031124.850535 0.255715549 0.008183902 0.045135431 0.051800199 0.024301490 0.051756360 0.997019291
1305031124.879355 0.263972104 -0.007078925 0.047577783 0.052703857 0.022369020 0.051328454 0.997039258
1305031124.911448 0.265768290 -0.014250280 0.049318448 0.055108648 0.025083669 0.051279806 0.996847153
1305031124.950730 0.267689496 -0.027884394 0.055347990 0.051931772 0.026398836 0.051071476 0.996994376
1305031124.979438 0.269263774 -0.048994452 0.059002712 0.051091455 0.027514119 0.052902929 0.996912181
1305031125.011454 0.267793566 -0.059002914 0.061259732 0.056409091 0.026127055 0.053380713 0.996637285
1305031125.050763 0.273372650 -0.064803533 0.062767997 0.059239104 0.023019010 0.054011129 0.996515751
1305031125.079364 0.275214374 -0.078634642 0.065922216 0.057780072 0.023807162 0.057068270 0.996412516
1305031125.111364 0.276777059 -0.092131168 0.068875715 0.058254480 0.022651123 0.057564929 0.996383250
1305031125.151013 0.282611161 -0.107376374 0.070242725 0.059539810 0.021419471 0.056636214 0.996387780
1305031125.179353 0.280088991 -0.110412896 0.071912751 0.060605723 0.025041670 0.056771956 0.996231318
1305031125.211320 0.281684369 -0.124597356 0.075845003 0.056230016 0.025901841 0.057976034 0.996396542
1305031125.250632 0.281984329 -0.139016405 0.078172676 0.057047933 0.026806843 0.055129938 0.996487617
1305031125.279467 0.282112658 -0.143534318 0.079576522 0.060567118 0.027316622 0.053340077 0.996363521
1305031125.311493 0.284169555 -0.155326471 0.082140535 0.059834480 0.028720926 0.054505181 0.996305227
1305031125.348880 0.282384247 -0.161146536 0.082609683 0.063554473 0.031107690 0.051393058 0.996168613
1305031125.379401 0.287379593 -0.165756673 0.086387411 0.063390233 0.032248013 0.047336459 0.996343791
1305031125.411335 0.288699746 -0.171748653 0.088451408 0.062759019 0.038490441 0.047128938 0.996172011
1305031125.451195 0.286466241 -0.179931119 0.089853123 0.058946248 0.044731993 0.045611963 0.996214807
1305031125.479424 0.289575487 -0.189263672 0.092310451 0.058188230 0.047990024 0.044796828 0.996144772
1305031125.511316 0.286736637 -0.190364957 0.090539388 0.058909044 0.052865531 0.043992922 0.995891392
1305031125.551020 0.290518582 -0.194637686 0.091031648 0.056939751 0.054914095 0.043250445 0.995927572
1305031125.579308 0.291402102 -0.195785880 0.093248934 0.055473767 0.058176085 0.041170865 0.995913208
1305031125.611533 0.291337669 -0.202646896 0.092678867 0.054692041 0.061622117 0.041399743 0.995739698
1305031125.650575 0.285898477 -0.207417279 0.087277405 0.057911050 0.063277543 0.043983318 0.995343029
1305031125.679328 0.278066158 -0.198386505 0.083215550 0.063824080 0.061244208 0.044059571 0.995105207
1305031125.711443 0.284704089 -0.197921559 0.082902655 0.065180078 0.053367063 0.045774344 0.995393515
1305031125.751260 0.282607257 -0.184888646 0.077745952 0.071717210 0.051789694 0.046081796 0.995013058
1305031125.779348 0.282124043 -0.176677644 0.076445714 0.071687602 0.050860249 0.042854134 0.995207310
1305031125.811573 0.280642778 -0.165910617 0.073551416 0.072458342 0.051846750 0.041615959 0.995153189
1305031125.847412 0.278641880 -0.157377243 0.072104603 0.070444390 0.053460661 0.040009364 0.995278239
1305031125.879318 0.274397641 -0.147789329 0.068863064 0.070533425 0.053361133 0.039437644 0.995300114
1305031125.911305 0.267584145 -0.134077474 0.065557010 0.068463497 0.051283788 0.040445216 0.995513380
1305031125.947343 0.264744371 -0.128527850 0.065415084 0.065244168 0.044395830 0.042768821 0.995963335
1305031125.979324 0.266211808 -0.116150528 0.062915541 0.065793060 0.035579588 0.045713101 0.996150434
1305031126.011333 0.267345428 -0.099379346 0.063198008 0.065477021 0.029123535 0.045738123 0.996379733
1305031126.047324 0.270765126 -0.082200438 0.064384282 0.064166538 0.026221909 0.046674836 0.996502161
1305031126.079356 0.269049555 -0.069222361 0.063253149 0.060216956 0.027662767 0.046450164 0.996720135
1305031126.111370 0.268691808 -0.058404345 0.063920557 0.056416955 0.027915375 0.047020230 0.996908724
1305031126.147432 0.265212089 -0.039799727 0.062954158 0.055913288 0.029383376 0.048642911 0.996817052
1305031126.179384 0.261272341 -0.022576489 0.064876899 0.051389210 0.029360676 0.049891181 0.996999502
1305031126.211319 0.265759468 -0.015914094 0.065050080 0.045039490 0.026529389 0.051593564 0.997299254
1305031126.247298 0.261932671 0.002212562 0.062964097 0.043903805 0.028669626 0.051089216 0.997316599
1305031126.279363 0.263314724 0.014978928 0.063365981 0.039688483 0.029064059 0.051192846 0.997476518
1305031126.311332 0.263185263 0.030820230 0.064835586 0.036052689 0.031318199 0.050257210 0.997593939
1305031126.347363 0.260708719 0.041043390 0.063620329 0.030915629 0.035382990 0.049928028 0.997646987
1305031126.379423 0.255234301 0.053761259 0.064041004 0.028014634 0.039489854 0.049155250 0.997616887
1305031126.411465 0.252993762 0.066551477 0.062604591 0.023867628 0.040980306 0.047886197 0.997726381
1305031126.447361 0.251082599 0.073727481 0.062495910 0.018773839 0.042170353 0.049428646 0.997710407
1305031126.479533 0.247566804 0.083617076 0.062308446 0.016913773 0.042073864 0.052818358 0.997574031
1305031126.511410 0.244052172 0.101958543 0.059955247 0.016743615 0.040690079 0.054101713 0.997565508
1305031126.547374 0.247824237 0.111032613 0.061051968 0.010803593 0.037933465 0.055498034 0.997679412
1305031126.579454 0.247626767 0.119776592 0.060521182 0.006475061 0.039380282 0.057792392 0.997530580
1305031126.611528 0.246205956 0.130208284 0.059308335 0.002145964 0.040834662 0.059818860 0.997371376
1305031126.647376 0.250986010 0.132828146 0.057762314 -0.003571180 0.040051974 0.062024277 0.997264266
1305031126.679479 0.247350454 0.141309053 0.056880236 -0.004081495 0.043108236 0.066467255 0.996848583
1305031126.711583 0.247930035 0.147937715 0.056103736 -0.006594616 0.043610949 0.070195995 0.996557653
1305031126.747316 0.248298004 0.150218457 0.055429883 -0.008288346 0.044739552 0.073307931 0.996270895
1305031126.779379 0.248005912 0.158495128 0.053723544 -0.006308622 0.045279194 0.075928673 0.996064663
1305031126.811602 0.251714826 0.163201392 0.052885052 -0.006586722 0.045891799 0.076594770 0.995983839
1305031126.847343 0.251521289 0.166564763 0.050301127 -0.007315840 0.049553961 0.078117527 0.995684981
1305031126.879357 0.248924121 0.170389831 0.049037717 -0.007351446 0.052656509 0.078263178 0.995514035
1305031126.911364 0.250161409 0.172627375 0.048119329 -0.007533578 0.054248098 0.077722244 0.995469570
1305031126.947437 0.250922501 0.174173191 0.047489852 -0.008322755 0.054421283 0.080409974 0.995240331
1305031126.979337 0.249883249 0.173289910 0.047120325 -0.008861155 0.053947221 0.081454277 0.995176554
1305031127.011371 0.251376867 0.169732943 0.046181329 -0.009204337 0.052622169 0.081703804 0.995223939
1305031127.047297 0.251857609 0.173420638 0.045681342 -0.006478693 0.051959209 0.082570583 0.995208681
1305031127.079299 0.250802189 0.172232375 0.045993760 -0.007101168 0.052035853 0.082568161 0.995200634
1305031127.111435 0.249918833 0.167922497 0.045481335 -0.008103710 0.050122622 0.083698831 0.995196760
1305031127.147307 0.250183642 0.162182584 0.045391485 -0.008182985 0.046936058 0.083868600 0.995337188
1305031127.179349 0.249355271 0.165082246 0.044996921 -0.003897843 0.044687908 0.082521081 0.995579243
1305031127.211700 0.251740903 0.162589267 0.046015993 -0.003625223 0.042548589 0.082261294 0.995695531
1305031127.247374 0.253815532 0.156902626 0.047648288 -0.003009624 0.042014975 0.081361488 0.995794177
1305031127.279465 0.251146078 0.158261597 0.047224127 0.000812289 0.043337155 0.079886638 0.995861113
1305031127.311362 0.251988560 0.153318152 0.048656404 -0.000658530 0.042073116 0.079378627 0.995956063
1305031127.347356 0.255001098 0.145343795 0.049881272 -0.000778840 0.039587658 0.078898020 0.996096075
1305031127.379262 0.252553135 0.145514175 0.050360411 0.002876332 0.039856277 0.078276351 0.996130526
1305031127.411371 0.251141012 0.144926801 0.052660845 0.004076181 0.039694283 0.076871283 0.996242225
1305031127.447333 0.253300488 0.137835294 0.053698234 0.003092083 0.037767474 0.076951526 0.996314466
1305031127.479362 0.251951098 0.138883442 0.053904392 0.005923031 0.037426762 0.075536899 0.996422768
1305031127.511356 0.251040310 0.138030574 0.055806611 0.005309641 0.036775596 0.074640416 0.996518016
1305031127.547348 0.252975374 0.131755561 0.057310581 0.003842347 0.035286788 0.074496955 0.996589303
1305031127.579345 0.252017766 0.131702825 0.058124643 0.005923708 0.035340644 0.074090414 0.996607482
1305031127.611271 0.250777990 0.132964030 0.058737788 0.006469562 0.035346262 0.073304556 0.996662021
1305031127.647358 0.253119022 0.128801867 0.059831396 0.004609315 0.034009583 0.075222269 0.996576011
1305031127.679298 0.253486246 0.127269387 0.060224988 0.006148740 0.033567194 0.075696237 0.996546805
1305031127.711375 0.252302825 0.129099950 0.060011532 0.007326584 0.033278178 0.074859820 0.996611714
1305031127.747304 0.253836095 0.126191437 0.060907081 0.005548006 0.032203790 0.075181998 0.996634245
1305031127.779346 0.254322559 0.123093583 0.061300047 0.005925304 0.031982984 0.075073913 0.996647358
1305031127.811829 0.251513541 0.125881612 0.060587294 0.008638280 0.032963615 0.073768675 0.996693015
1305031127.847366 0.251385570 0.123952992 0.060403183 0.007601026 0.033005577 0.073014736 0.996755600
1305031127.879380 0.250932932 0.121449322 0.059987731 0.006930850 0.032844976 0.072558492 0.996799111
1305031127.911476 0.250104368 0.122593954 0.060920589 0.008033959 0.032167815 0.072268322 0.996833980
1305031127.947366 0.250303954 0.123229623 0.061525974 0.007593978 0.031152936 0.072038010 0.996886313
1305031127.979371 0.251707256 0.122662976 0.063970402 0.006233746 0.029787220 0.072048932 0.996936679
1305031128.011427 0.253615469 0.122097827 0.065012127 0.004974173 0.028934235 0.071890548 0.996980369
1305031128.047369 0.255164474 0.119360834 0.067985199 0.002082969 0.029290523 0.073653370 0.996851504
1305031128.079334 0.255515754 0.115894668 0.068971187 0.001457477 0.029632263 0.074431226 0.996784747
1305031128.111391 0.255205452 0.115760379 0.070052348 0.002429086 0.029648909 0.075020671 0.996738136
1305031128.147418 0.256156564 0.114695325 0.071607582 0.001695095 0.029106902 0.076536968 0.996640384
1305031128.179350 0.259919494 0.109329164 0.072716869 0.000825908 0.027777236 0.078275345 0.996544361
1305031128.211447 0.257552534 0.112423517 0.071405068 0.004291370 0.028938586 0.077973180 0.996526122
1305031128.247480 0.257312268 0.111772895 0.071236156 0.003630889 0.028404834 0.078505732 0.996502280
1305031128.279336 0.259997249 0.108968504 0.072624058 0.002833742 0.027104026 0.078612626 0.996532679
1305031128.311483 0.258273393 0.110241845 0.071451426 0.004585699 0.027995525 0.077511594 0.996587753
1305031128.347423 0.257320970 0.110426173 0.071853980 0.004653283 0.028225135 0.076694258 0.996644199
1305031128.379404 0.257443488 0.109189652 0.072322726 0.004068314 0.027872587 0.075166665 0.996773064
1305031128.411337 0.257449597 0.108042128 0.072176553 0.004403131 0.027880386 0.073932573 0.996863723
1305031128.447296 0.256325424 0.107850686 0.071593724 0.004718129 0.028403979 0.072572097 0.996947467
1305031128.479296 0.255943716 0.106207281 0.071771547 0.003976614 0.028346790 0.071369678 0.997039139
1305031128.511433 0.256243974 0.105311379 0.071771063 0.004146405 0.028475942 0.070939869 0.997065425
1305031128.547399 0.256156355 0.105187967 0.071114212 0.004133937 0.029209530 0.070211880 0.997095764
1305031128.579455 0.256598562 0.102723867 0.071320839 0.003883575 0.029710755 0.070120193 0.997088432
1305031128.611395 0.255266726 0.102578998 0.070293687 0.005358594 0.029997468 0.070601650 0.997039020
1305031128.647352 0.252984315 0.102692515 0.069637358 0.006035632 0.029679606 0.070715532 0.997036636
1305031128.679282 0.254755557 0.100577094 0.069917895 0.005838062 0.027694313 0.069734491 0.997164011
1305031128.711457 0.256283611 0.101248026 0.069605455 0.007156536 0.027246602 0.069360003 0.997193873
1305031128.747363 0.255805880 0.102299608 0.069204964 0.008224646 0.028468056 0.068225682 0.997229755
