1305031109.343248 -0.047631063 0.006121757 0.000812062 -0.001879606 0.006731376 -0.002092187 0.999973357
1305031109.375397 -0.047079068 0.005632645 0.002032856 -0.005032009 -0.006823415 -0.002829443 0.999960065
1305031109.411329 -0.047147278 0.005918728 0.001092727 -0.006758993 -0.019559557 -0.006604820 0.999764025
1305031109.443302 -0.026878787 0.007456250 -0.010867435 -0.009347147 -0.037426740 -0.012020984 0.999183357
1305031109.475363 -0.026362181 0.006429871 -0.008165577 -0.012580793 -0.045930251 -0.015427605 0.998746276
1305031109.511273 -0.046920452 0.008446923 -0.006429208 -0.011513801 -0.044166077 -0.019429242 0.998768926
1305031109.543294 -0.030182565 0.008130387 -0.011927604 -0.009143693 -0.058276705 -0.020289648 0.998052359
1305031109.575362 -0.043340489 0.010256806 -0.013768289 -0.008614152 -0.057852134 -0.020358665 0.998080373
1305031109.611310 -0.048048686 0.011606731 -0.016788905 -0.008812998 -0.061876647 -0.021459512 0.997814178
1305031109.643229 -0.041542832 0.012048067 -0.021004908 -0.009587746 -0.070952348 -0.021287896 0.997206450
1305031109.675263 -0.054196402 0.015152483 -0.026157774 -0.011427111 -0.070583127 -0.019332603 0.997253060
1305031109.711312 -0.059436515 0.018387815 -0.032865673 -0.014270707 -0.077509508 -0.019926880 0.996690273
1305031109.743274 -0.050166849 0.018871948 -0.037310474 -0.018139271 -0.089134321 -0.020224558 0.995649040
1305031109.775277 -0.049354464 0.017769268 -0.034891125 -0.022072377 -0.095367976 -0.020465851 0.994986892
1305031109.811371 -0.049596708 0.016984528 -0.033506833 -0.026018078 -0.102072403 -0.018811770 0.994258702
1305031109.843296 -0.055280615 0.017554412 -0.034312293 -0.028681260 -0.106705487 -0.021157324 0.993651688
1305031109.875306 -0.054226220 0.018973187 -0.039245345 -0.032001272 -0.115716718 -0.019349994 0.992578030
1305031109.911265 -0.054737091 0.017463662 -0.037084199 -0.033954594 -0.126959383 -0.022888677 0.991062343
1305031109.943299 -0.113288589 0.027393494 -0.040727261 -0.032810234 -0.108662404 -0.033564918 0.992969990
1305031109.975258 -0.128481299 0.027725805 -0.041272998 -0.036746606 -0.109456263 -0.039122052 0.992541432
1305031110.011256 -0.137671173 0.027687946 -0.038755640 -0.039002579 -0.112564594 -0.046158440 0.991805136
1305031110.043299 -0.135718942 0.031097217 -0.041042738 -0.039291140 -0.119348794 -0.051144354 0.990755439
1305031110.075319 -0.121711306 0.022703014 -0.040434878 -0.045284778 -0.133075953 -0.054142118 0.988589227
1305031110.111325 -0.128271475 0.032893702 -0.047768891 -0.042463388 -0.135821313 -0.054960966 0.988295853
1305031110.143432 -0.129619375 0.033306379 -0.051518999 -0.042806566 -0.144132346 -0.056102123 0.987039030
1305031110.175641 -0.156329021 0.026981551 -0.047602642 -0.050922703 -0.139757335 -0.062510774 0.986897767
1305031110.211637 -0.170584425 0.027169146 -0.044751953 -0.054382518 -0.140599683 -0.064691991 0.986452878
1305031110.243323 -0.183344394 0.020072902 -0.050128084 -0.057955664 -0.142726794 -0.060902141 0.986185133
1305031110.279321 -0.187049404 0.015727432 -0.055091139 -0.057690635 -0.149946466 -0.066259161 0.984782994
1305031110.311404 -0.187036186 0.022401718 -0.060182486 -0.051288780 -0.157326594 -0.059655990 0.984407902
1305031110.343355 -0.245664239 0.038795024 -0.044459064 -0.048070583 -0.139112845 -0.074784853 0.986277878
1305031110.379281 -0.237204537 0.023450449 -0.036527149 -0.055891909 -0.154384688 -0.071892962 0.983805299
1305031110.411469 -0.225449398 0.024038572 -0.045135114 -0.055695668 -0.171799347 -0.072321020 0.980893791
1305031110.443260 -0.246114165 0.023040686 -0.047776584 -0.061791409 -0.172440544 -0.080261610 0.979798019
1305031110.479331 -0.258658648 0.042615600 -0.057401843 -0.052807450 -0.177153006 -0.084317274 0.979141891
1305031110.511429 -0.270148575 0.046124421 -0.062279735 -0.051533226 -0.183554709 -0.089258693 0.977591336
1305031110.543408 -0.274740160 0.030857332 -0.052840907 -0.063843653 -0.194157675 -0.094073027 0.974359810
1305031110.579426 -0.283502042 0.026093997 -0.058719978 -0.070965819 -0.199829862 -0.097600758 0.972371280
1305031110.611307 -0.295096278 0.038424134 -0.056002531 -0.068540722 -0.200179592 -0.098268643 0.972406089
1305031110.643418 -0.329973459 0.052423663 -0.057416320 -0.061312627 -0.187037706 -0.110417135 0.974200070
1305031110.679606 -0.334588408 0.056265160 -0.064829022 -0.060549233 -0.189154357 -0.111678556 0.973695219
1305031110.711412 -0.340387136 0.061183374 -0.059257597 -0.062062752 -0.191369355 -0.113689132 0.972934067
1305031110.743249 -0.340594023 0.060503501 -0.057123296 -0.063109055 -0.195646137 -0.112944953 0.972102463
1305031110.779193 -0.341892600 0.059787512 -0.059922576 -0.063830234 -0.197536051 -0.112536862 0.971720457
1305031110.811386 -0.345131636 0.059397183 -0.061280876 -0.064312547 -0.197708756 -0.113644786 0.971524537
1305031110.843218 -0.349401116 0.061770067 -0.064556465 -0.064834148 -0.198535010 -0.119102240 0.970667303
1305031110.879313 -0.344680071 0.059924781 -0.061416894 -0.065530390 -0.202602074 -0.117052704 0.970029294
1305031110.911333 -0.346867293 0.057855032 -0.063854188 -0.067375660 -0.202495649 -0.118504889 0.969748735
1305031110.943862 -0.342186093 0.057849444 -0.062579133 -0.067147322 -0.205123827 -0.118583463 0.969202459
1305031110.979345 -0.334355444 0.062756658 -0.057002671 -0.065242514 -0.206090346 -0.120230310 0.968924582
1305031111.011431 -0.320493102 0.058402091 -0.055416003 -0.067988254 -0.204450637 -0.118632488 0.969280064
1305031111.043327 -0.316238046 0.060219057 -0.049985662 -0.066221803 -0.199181721 -0.116064467 0.970809102
1305031111.079283 -0.319055140 0.067045219 -0.051197946 -0.065279618 -0.191701382 -0.115780838 0.972411394
1305031111.111508 -0.302810371 0.060666107 -0.043422714 -0.069295064 -0.194311440 -0.110619053 0.972216368
1305031111.143257 -0.295189381 0.060382243 -0.039485775 -0.067122191 -0.191501141 -0.110204071 0.972973287
1305031111.179326 -0.274676830 0.055145588 -0.032466404 -0.065858752 -0.193076581 -0.108963609 0.972887933
1305031111.211433 -0.264418691 0.055961266 -0.028734751 -0.063411415 -0.185717031 -0.105358243 0.974878371
1305031111.243236 -0.269551367 0.052024998 -0.035505746 -0.063724294 -0.176032275 -0.107292026 0.976442635
1305031111.279308 -0.252374083 0.049957070 -0.026507296 -0.059729621 -0.178294316 -0.103586860 0.976684809
1305031111.311547 -0.252341926 0.061128415 -0.031390861 -0.051973850 -0.168520927 -0.100367248 0.979196548
1305031111.343397 -0.249211997 0.060683221 -0.032263644 -0.055743936 -0.168439522 -0.101379454 0.978898823
1305031111.379134 -0.234409168 0.050339691 -0.023700070 -0.057639398 -0.172988668 -0.098391660 0.978300452
1305031111.411296 -0.233103007 0.057580505 -0.031259656 -0.049759962 -0.169043779 -0.099382207 0.979321897
1305031111.443386 -0.215576634 0.047860060 -0.026859425 -0.052938890 -0.176032156 -0.104645729 0.977373719
1305031111.479259 -0.187434122 0.052281436 -0.002587073 -0.046281666 -0.179090440 -0.101566210 0.977480888
1305031111.511264 -0.177080736 0.050993487 -0.003616165 -0.042123821 -0.167416468 -0.099577315 0.979939640
1305031111.543250 -0.167407826 0.051554240 -0.000462346 -0.036368951 -0.159927413 -0.099100381 0.981468081
1305031111.579237 -0.156716853 0.055253841 -0.002212234 -0.031478826 -0.150057226 -0.091493599 0.983931303
1305031111.611271 -0.156965479 0.047056220 -0.008294627 -0.035661150 -0.140941888 -0.086384192 0.985597014
1305031111.643395 -0.132807136 0.030401200 0.003779456 -0.038793042 -0.147482201 -0.077759631 0.985239804
1305031111.679320 -0.124423109 0.040668882 -0.003166471 -0.030022142 -0.136561513 -0.068792447 0.987784028
1305031111.711760 -0.107681371 0.035294253 0.003824318 -0.031239420 -0.131183073 -0.067603253 0.988556981
1305031111.743386 -0.085792132 0.033281144 0.010430519 -0.026103968 -0.123231314 -0.064616188 0.989927948
1305031111.779423 -0.074329205 0.023510804 -0.000439581 -0.026181962 -0.107757352 -0.062710367 0.991851926
1305031111.811406 -0.065389425 0.023678936 0.009040317 -0.022741888 -0.094887637 -0.060065936 0.993413925
1305031111.843299 -0.062677398 0.025627663 0.007299487 -0.018859036 -0.081320390 -0.055362217 0.994970500
1305031111.879442 -0.070816025 0.022511352 0.002100092 -0.021399939 -0.067977555 -0.051643115 0.996119499
1305031111.911354 -0.062489714 0.028261248 0.007669863 -0.017343136 -0.068605743 -0.044930205 0.996480644
1305031111.943300 -0.046203639 0.020972835 0.011151750 -0.019488404 -0.074680917 -0.036283974 0.996356606
1305031111.979449 -0.031819716 0.018129641 0.011145024 -0.020198289 -0.073984392 -0.027788172 0.996667504
1305031112.011433 -0.019129029 0.014690853 0.007865714 -0.019257450 -0.066529617 -0.026995648 0.997233272
1305031112.043270 -0.022013593 0.020008964 0.010839601 -0.011737802 -0.051134523 -0.030859195 0.998145878
1305031112.079339 -0.010781670 0.018680273 0.016474204 -0.008832523 -0.039386775 -0.034161583 0.998600841
1305031112.111423 -0.018470159 0.019852554 0.017758191 -0.005512724 -0.023948789 -0.037372977 0.998999178
1305031112.144342 -0.001089007 0.021410970 0.015800737 -0.004187295 -0.021108376 -0.042569514 0.998861730
1305031112.179390 0.016989235 0.016255073 0.016982948 -0.007253815 -0.011505744 -0.044632059 0.998910904
1305031112.211254 0.017861906 0.010957532 0.020621700 -0.006401053 0.002039279 -0.053673543 0.998535931
1305031112.243369 0.023084726 0.003252628 0.015123006 -0.002972107 0.015494503 -0.054794513 0.998372972
1305031112.279353 0.019939829 0.001916653 0.023062861 0.002777696 0.028162308 -0.055911440 0.998034596
1305031112.311312 0.006366436 0.000857425 0.027765878 0.008538343 0.041223560 -0.057925668 0.997432888
1305031112.343323 -0.003991708 -0.010895147 0.025158770 0.008124109 0.048743147 -0.057461578 0.997124016
1305031112.379360 -0.011270275 -0.019424384 0.025861712 0.007804428 0.055039525 -0.055166427 0.996928513
1305031112.411442 -0.006048095 -0.014396549 0.026275886 0.013097855 0.054498661 -0.051557541 0.997095883
1305031112.443391 0.001047470 -0.018482259 0.028359391 0.013935594 0.054493453 -0.044909779 0.997406304
1305031112.479418 -0.000707336 -0.020889251 0.029197376 0.015725367 0.057906348 -0.037486956 0.997493982
1305031112.511504 -0.008014988 -0.022898218 0.029847423 0.016935842 0.061503582 -0.028642932 0.997552037
1305031112.543212 -0.022333691 -0.018464971 0.026410554 0.020839619 0.068184808 -0.026826717 0.997094214
1305031112.579252 -0.029749367 -0.021950770 0.027595948 0.021557324 0.072452337 -0.019416505 0.996949792
1305031112.611261 -0.006625675 -0.006758037 0.022491483 0.029517403 0.065012112 -0.013419191 0.997357547
1305031112.643246 -0.008181187 -0.001879073 0.024487834 0.028453253 0.074443318 -0.008219140 0.996785343
1305031112.679952 -0.005614636 -0.005885200 0.023350405 0.026079306 0.081417680 -0.004453172 0.996328831
1305031112.711251 0.004861966 -0.006505721 0.023081165 0.023534618 0.082098462 -0.000026576 0.996346295
1305031112.743245 -0.003676566 -0.007807718 0.023302097 0.017373016 0.091610484 0.004372164 0.995633721
1305031112.779310 -0.005314506 -0.005900361 0.024195127 0.011666446 0.095255449 0.003558218 0.995378137
1305031112.811310 -0.005337982 -0.005384479 0.023039829 0.010528255 0.093652658 0.004614388 0.995538592
1305031112.843286 -0.004276136 -0.009940119 0.025969733 0.004556620 0.087252207 0.002196194 0.996173441
1305031112.879421 -0.004624123 -0.009604226 0.026531694 -0.000571776 0.084057085 0.003708001 0.996453881
1305031112.911411 -0.003439978 -0.005720478 0.023902534 0.000401861 0.077155583 0.008669139 0.996981323
1305031112.943321 -0.012140149 -0.004352351 0.027354250 -0.001798752 0.074467063 0.004651108 0.997210979
1305031112.979278 -0.013006959 -0.003637041 0.025539989 -0.002171835 0.067105539 0.002714666 0.997739851
1305031113.011353 -0.011169775 -0.003640011 0.023343289 -0.004603701 0.059783697 0.002747883 0.998196959
1305031113.043231 -0.002409764 -0.005691495 0.020340281 -0.010354435 0.050440229 0.000741499 0.998673141
1305031113.079251 0.001257208 -0.005167096 0.020850396 -0.010002929 0.041949142 -0.004178034 0.999060929
1305031113.111316 -0.000499962 -0.005388893 0.018318813 -0.008404532 0.034062721 -0.007763424 0.999354243
1305031113.143306 0.000970200 -0.005012047 0.013691694 -0.011794660 0.026183031 -0.009975355 0.999537826
1305031113.179343 0.001310851 -0.004319962 0.012457106 -0.013504362 0.019732950 -0.007574286 0.999685407
1305031113.211259 -0.002889376 0.000585685 0.007261996 -0.009801876 0.011330073 -0.006031157 0.999869585
1305031113.243227 0.000669909 0.000534562 0.003673797 -0.012953429 -0.002876230 -0.006523831 0.999890685
1305031113.279312 0.002913529 0.001485233 0.003258552 -0.014006950 -0.014430358 -0.005970147 0.999779940
1305031113.311452 0.005251843 0.003334282 0.000345624 -0.007778845 -0.028601710 -0.001588554 0.999559343
1305031113.343252 0.007787516 0.004745123 -0.007367430 -0.003948927 -0.045403264 -0.003089262 0.998956144
1305031113.379312 0.009446952 0.003167571 -0.007964653 -0.008286467 -0.061272822 -0.001302943 0.998085797
1305031113.411625 0.014293688 0.000565721 -0.002643877 -0.009149655 -0.076414675 0.000674862 0.997033894
1305031113.443266 0.019225882 0.000044135 -0.002503787 -0.007951884 -0.092568353 -0.004798197 0.995663047
1305031113.479311 0.019079626 0.000845908 -0.005103203 -0.010613020 -0.105405830 -0.010271145 0.994319618
1305031113.511523 0.010183717 -0.001243736 0.000498316 -0.016407231 -0.114867374 -0.012626628 0.993165076
1305031113.543242 0.010043278 -0.002805670 0.003356338 -0.018637113 -0.127282694 -0.013596350 0.991598189
1305031113.579301 0.007396840 -0.000221042 -0.001844060 -0.017852891 -0.136580452 -0.016681934 0.990327597
1305031113.611268 0.002653535 -0.000045092 -0.005832531 -0.020284597 -0.141869128 -0.021597510 0.989441872
1305031113.643222 -0.001690226 -0.003135906 -0.006017349 -0.024108229 -0.145453200 -0.025339546 0.988746703
1305031113.679288 -0.005485798 -0.002637397 -0.004381608 -0.024630854 -0.149319753 -0.027138114 0.988109529
1305031113.711931 -0.067447014 0.003253411 -0.007549368 -0.022670014 -0.127097100 -0.037304103 0.990929246
1305031113.743590 -0.114063539 0.023029830 -0.010201813 -0.013094812 -0.108929984 -0.045017410 0.992943227
1305031113.779320 -0.120235719 0.013374824 -0.015568751 -0.015754977 -0.109091476 -0.048984151 0.992699027
1305031113.811237 -0.130824372 0.017157597 -0.017332723 -0.013289792 -0.108316734 -0.050108228 0.992763877
1305031113.843295 -0.138851121 0.012803951 -0.019717000 -0.016397297 -0.107769385 -0.054664690 0.992536485
1305031113.879281 -0.157876626 0.007151028 -0.025604500 -0.016440207 -0.104743965 -0.059460040 0.992583990
1305031113.911290 -0.172345281 0.013879404 -0.026545310 -0.012015183 -0.104287282 -0.058135904 0.992773890
1305031113.943291 -0.181588605 0.014088986 -0.026249968 -0.009327868 -0.102965876 -0.061428927 0.992742419
1305031113.979293 -0.193639919 0.015646659 -0.030527368 -0.004893766 -0.100956924 -0.066771589 0.992635548
1305031114.011257 -0.202202126 0.020243721 -0.030921871 -0.000513720 -0.101803146 -0.068407737 0.992449582
1305031114.043301 -0.218329668 0.024023693 -0.031806543 0.002377144 -0.104041390 -0.070093572 0.992097080
1305031114.079285 -0.242083684 0.020244319 -0.041013345 0.001825134 -0.103201643 -0.070324913 0.992169619
1305031114.111263 -0.252651930 0.021282243 -0.040111825 0.003949798 -0.110128500 -0.075631842 0.991027713
1305031114.143284 -0.263456702 0.024131659 -0.040573258 0.004185826 -0.115596049 -0.078973018 0.990143061
1305031114.179337 -0.269893110 0.024975676 -0.041493800 0.008043211 -0.119161770 -0.078646600 0.989722431
1305031114.211303 -0.280396044 0.029531075 -0.043978132 0.010341400 -0.119839855 -0.082812496 0.989279330
1305031114.243337 -0.294837654 0.023912767 -0.045203026 0.005501240 -0.122157611 -0.088887654 0.988507092
1305031114.279390 -0.319698691 0.030182330 -0.049285397 0.007504929 -0.122435831 -0.089353539 0.988417506
1305031114.311429 -0.322125375 0.033684336 -0.045926321 0.006799439 -0.134308502 -0.089216217 0.986891806
1305031114.343331 -0.321039140 0.034769751 -0.041512087 0.006534326 -0.143717736 -0.089805298 0.985513866
1305031114.379320 -0.341318458 0.030979544 -0.044275962 0.004583946 -0.141242594 -0.097349040 0.985166311
1305031114.411397 -0.352954000 0.030863598 -0.045099989 0.005404143 -0.142271191 -0.101106033 0.984635592
1305031114.443345 -0.368754268 0.026508573 -0.048601288 0.002432800 -0.145155117 -0.104584962 0.983862817
1305031114.479332 -0.384696871 0.028882451 -0.051288147 0.002430094 -0.148075163 -0.105900101 0.983286858
1305031114.511266 -0.382054001 0.035845425 -0.044665024 0.004536621 -0.160736546 -0.106296070 0.981246293
1305031114.543236 -0.394576222 0.027143678 -0.054068550 -0.001678029 -0.161254346 -0.111003086 0.980649054
1305031114.579237 -0.393235892 0.032661796 -0.042516880 -0.000587509 -0.165816724 -0.106926672 0.980342388
1305031114.611391 -0.398819059 0.045791481 -0.041663915 0.002042839 -0.165863946 -0.103793673 0.980669081
1305031114.644136 -0.394732475 0.049095541 -0.036629587 -0.000856057 -0.172597900 -0.099564590 0.979946971
1305031114.679251 -0.401666403 0.047839671 -0.040284149 -0.003994361 -0.176618204 -0.102627113 0.978906393
1305031114.711306 -0.395578206 0.034672990 -0.038706221 -0.010935006 -0.185814023 -0.102001823 0.977215052
1305031114.743200 -0.397715688 0.034732115 -0.039091341 -0.010153910 -0.188464031 -0.104086310 0.976495922
1305031114.779289 -0.396348268 0.031458832 -0.043845721 -0.008696344 -0.189997062 -0.111103788 0.975439131
1305031114.811303 -0.394258022 0.036575116 -0.042237110 -0.006695016 -0.190400958 -0.109656073 0.975539982
1305031114.843208 -0.390465289 0.035995074 -0.041162536 -0.006594368 -0.192373723 -0.111471988 0.974947631
1305031114.879281 -0.386448562 0.036553696 -0.040817551 -0.007207916 -0.193155915 -0.110380083 0.974912882
1305031114.912879 -0.383129269 0.039717194 -0.042226285 -0.007135883 -0.193247661 -0.111704335 0.974744380
1305031114.943234 -0.373714000 0.040208902 -0.038528614 -0.009491726 -0.194985837 -0.113032989 0.974224806
1305031114.979280 -0.369308293 0.041734736 -0.037272722 -0.011315691 -0.191979691 -0.113127239 0.974791229
1305031115.011300 -0.363182396 0.043696277 -0.037119903 -0.014469052 -0.190294638 -0.115274601 0.974828362
1305031115.043508 -0.351578057 0.041285679 -0.029415846 -0.018548219 -0.190251753 -0.115642846 0.974724054
1305031115.079238 -0.341586649 0.044385348 -0.028231114 -0.018683540 -0.187365428 -0.115622289 0.975282848
1305031115.111230 -0.322928339 0.036903091 -0.020754628 -0.025128759 -0.187574163 -0.113731563 0.975320280
1305031115.143275 -0.314359844 0.035732884 -0.014298663 -0.025731334 -0.178515524 -0.112856485 0.977104664
1305031115.179440 -0.308954746 0.039366871 -0.013050944 -0.025634512 -0.173462987 -0.111017145 0.978227317
1305031115.211374 -0.297491163 0.036350016 -0.002399690 -0.026016086 -0.172090471 -0.109227985 0.978660941
1305031115.243297 -0.284743965 0.031613551 0.001810320 -0.022545096 -0.168140233 -0.105613723 0.979829729
1305031115.279966 -0.271238834 0.032590359 0.001589164 -0.021929475 -0.165836662 -0.099320300 0.980893850
1305031115.311704 -0.257094830 0.031050250 0.017096497 -0.020894917 -0.162376165 -0.094812252 0.981940925
1305031115.343235 -0.239242435 0.030130029 0.018694699 -0.018239893 -0.155826762 -0.089409575 0.983560503
1305031115.379166 -0.236604586 0.039442338 0.020110026 -0.019462021 -0.149284288 -0.086254038 0.984832823
1305031115.411237 -0.221448958 0.032914106 0.023636729 -0.028150056 -0.156020716 -0.083640024 0.983803570
1305031115.443159 -0.202560306 0.033195496 0.033893660 -0.031534940 -0.160916016 -0.078072317 0.983369887
1305031115.479241 -0.185286507 0.028100427 0.039699506 -0.037973858 -0.162299037 -0.072867304 0.983314514
1305031115.511253 -0.171051174 0.032304198 0.052744046 -0.037612714 -0.160443321 -0.069884263 0.983849287
1305031115.543604 -0.149634942 0.032353014 0.068869203 -0.036672533 -0.152456924 -0.060981408 0.985745013
1305031115.579315 -0.138297498 0.027462093 0.059387323 -0.037741963 -0.137306035 -0.055069931 0.988276184
1305031115.611424 -0.118174523 0.019079423 0.057869133 -0.039364655 -0.132507563 -0.051100660 0.989080846
1305031115.643254 -0.109924272 0.017868318 0.057537932 -0.038598418 -0.123285286 -0.042592641 0.990705192
1305031115.679241 -0.096832246 0.013916966 0.059381738 -0.039372608 -0.121363401 -0.031707313 0.991320014
1305031115.711320 -0.081899360 0.015288371 0.059561994 -0.038327198 -0.121255569 -0.023176743 0.991610289
1305031115.743250 -0.061158620 0.020405658 0.069494739 -0.035818458 -0.117811680 -0.015842656 0.992263317
1305031115.779425 -0.056953128 0.018284108 0.062979728 -0.033731200 -0.102385685 -0.010229653 0.994120061
1305031115.811277 -0.046500944 0.019510234 0.060786273 -0.032816172 -0.090681329 -0.002666150 0.995335579
1305031115.843224 -0.021801438 0.015185541 0.069648407 -0.038012680 -0.087776035 0.008933445 0.995374620
1305031115.879198 -0.014235182 0.007005145 0.070090145 -0.041409276 -0.079472713 0.014077098 0.995877087
1305031115.911118 -0.012759539 0.019389706 0.072870091 -0.032632869 -0.071166024 0.019680681 0.996736288
1305031115.943311 0.005376054 0.012232451 0.075884804 -0.037226651 -0.067551568 0.026002293 0.996681929
1305031115.980740 0.014578129 0.020228349 0.082818948 -0.035070334 -0.061141197 0.030683314 0.997040808
1305031116.011379 0.018343754 0.023752708 0.084602639 -0.036080390 -0.048355006 0.033600908 0.997612655
1305031116.043164 0.015595802 0.027905978 0.087930433 -0.035688184 -0.028292103 0.036170486 0.998307347
1305031116.080030 0.009564986 0.028352298 0.088250935 -0.040013157 -0.009341688 0.039121073 0.998389304
1305031116.111300 0.016529407 0.019752763 0.088358164 -0.051744297 0.002717057 0.044534322 0.997663200
1305031116.143441 0.030933999 0.024744112 0.093208872 -0.053179942 0.008589500 0.049102489 0.997339964
1305031116.179572 0.024246857 0.025841229 0.097032115 -0.054471899 0.022258982 0.051036723 0.996961713
1305031116.211299 0.029573830 0.018395744 0.100219712 -0.062430989 0.028369261 0.053711154 0.996199131
1305031116.243320 0.026846809 0.016984722 0.103461340 -0.064470828 0.040941805 0.057051133 0.995445848
1305031116.279385 0.018743668 0.024138339 0.102828078 -0.059600860 0.057538394 0.058783576 0.994827390
1305031116.311336 0.014174994 0.020343147 0.106486559 -0.064999640 0.072784483 0.060474124 0.993388295
1305031116.343292 0.014298266 0.017547200 0.103451125 -0.065656677 0.081859462 0.063999414 0.992417395
1305031116.379384 0.032812830 0.011764469 0.098401554 -0.062522225 0.077911586 0.064804539 0.992885232
1305031116.411333 0.031598024 0.011377953 0.095289439 -0.059966963 0.081468716 0.069600694 0.992432654
1305031116.443369 0.028919803 0.013953026 0.092774272 -0.061010238 0.085350461 0.077229075 0.991478026
1305031116.479850 0.028079789 0.011966988 0.091255009 -0.061512649 0.087548390 0.081128418 0.990943849
1305031116.511205 0.027498938 0.011923764 0.088197626 -0.059424844 0.085844986 0.078828864 0.991405725
1305031116.543262 0.024680175 0.012951274 0.082402065 -0.056149099 0.085120864 0.073735051 0.992050827
1305031116.579313 0.022020234 0.011316180 0.081428975 -0.058457825 0.081404068 0.071418837 0.992398798
1305031116.611261 0.022830827 0.009921931 0.084581763 -0.057879146 0.071453772 0.065179035 0.993627727
1305031116.643355 0.016734872 0.008475722 0.075353906 -0.057843894 0.060659606 0.057177741 0.994839251
1305031116.679281 0.017361715 0.007715403 0.072704315 -0.058317561 0.047659315 0.048524965 0.995978415
1305031116.711634 0.014961339 0.006331736 0.068809688 -0.059743196 0.038050756 0.037765246 0.996773124
1305031116.743291 0.012970186 0.007409465 0.065900855 -0.060347732 0.029264130 0.028776333 0.997333288
1305031116.779298 0.010418521 0.010887992 0.066027969 -0.061450198 0.019615751 0.017935766 0.997756183
1305031116.811318 0.009620357 0.011541686 0.063606180 -0.060111396 0.008933849 0.009436752 0.998107076
1305031116.846089 0.004975269 0.015524058 0.059337519 -0.057483390 -0.003800314 0.003078130 0.998334467
1305031116.880165 -0.001440094 0.013208341 0.054360453 -0.060446247 -0.018717198 -0.004047053 0.997987747
1305031116.912044 -0.006971765 0.009254714 0.044954803 -0.062545702 -0.033426680 -0.009023673 0.997441351
1305031116.943296 -0.008843947 0.005408197 0.040837832 -0.065723203 -0.053605378 -0.016681505 0.996257305
1305031116.979351 -0.012099816 0.005973060 0.041825596 -0.064709984 -0.072637618 -0.026190843 0.994912267
1305031117.011382 -0.026997402 0.015221344 0.040831003 -0.058348432 -0.084604688 -0.037263215 0.994006515
1305031117.043261 -0.055665404 0.027620766 0.035677422 -0.053516693 -0.086292684 -0.043477528 0.993880928
1305031117.079520 -0.082947493 0.037613198 0.035189960 -0.052218962 -0.089619152 -0.050993077 0.993298173
1305031117.111238 -0.096118249 0.040069684 0.037105657 -0.054521896 -0.100724265 -0.052494820 0.992031395
1305031117.143218 -0.099395044 0.040770467 0.037386466 -0.059037451 -0.112983711 -0.050430257 0.990558445
1305031117.179264 -0.106285788 0.048718546 0.037197638 -0.058010720 -0.122418098 -0.055359114 0.989234030
1305031117.211361 -0.110148951 0.049157299 0.041867159 -0.060558360 -0.130834818 -0.058449760 0.987825155
1305031117.243277 -0.116473280 0.051550649 0.037854537 -0.063972235 -0.130510822 -0.059535913 0.987587929
1305031117.279299 -0.118959442 0.049675912 0.042557169 -0.069134414 -0.130887881 -0.064478226 0.986879587
1305031117.311200 -0.126354411 0.049141075 0.037678760 -0.071564503 -0.126125976 -0.069012396 0.987019777
1305031117.343243 -0.127513006 0.044056874 0.039542336 -0.074978210 -0.127457693 -0.069122605 0.986587524
1305031117.379454 -0.126728550 0.049347349 0.044665754 -0.070336424 -0.128293738 -0.068663836 0.986853004
1305031117.411221 -0.134593472 0.044665627 0.036943726 -0.069230244 -0.126059324 -0.069253236 0.987177908
1305031117.443274 -0.131753415 0.040061489 0.034941480 -0.067384854 -0.128769353 -0.067389123 0.987084806
1305031117.479403 -0.128388375 0.035042055 0.035917774 -0.066812836 -0.131988317 -0.064350240 0.986901343
1305031117.511325 -0.130534217 0.024170261 0.036483448 -0.065802015 -0.132865176 -0.062963530 0.986940980
1305031117.544285 -0.132272169 0.027956121 0.039094638 -0.056760181 -0.134376347 -0.063135691 0.987286806
1305031117.579155 -0.140701547 0.024376130 0.032887217 -0.052589912 -0.131287515 -0.065558180 0.987775326
1305031117.611159 -0.141770661 0.016335627 0.035764325 -0.053250372 -0.134057119 -0.064967290 0.987406850
1305031117.643252 -0.146053120 0.005358469 0.030799530 -0.053882204 -0.133372560 -0.064397171 0.987502635
1305031117.679262 -0.146660388 0.003462524 0.035607319 -0.052398723 -0.136667535 -0.063261323 0.987205327
1305031117.711184 -0.144810677 -0.001689197 0.041522950 -0.052349273 -0.141560689 -0.059283178 0.986765265
1305031117.743184 -0.146761894 -0.010206591 0.043247905 -0.052722197 -0.143210992 -0.056884259 0.986648440
1305031117.779467 -0.144158065 -0.014337308 0.049632236 -0.052284811 -0.147577643 -0.052587472 0.986266553
1305031117.811320 -0.143581137 -0.024025986 0.058190040 -0.053957544 -0.151053831 -0.049311563 0.985819280
1305031117.843291 -0.145447910 -0.028615713 0.064080298 -0.050291374 -0.151809469 -0.049385112 0.985893369
1305031117.879451 -0.146552756 -0.029677819 0.069838129 -0.046191525 -0.149584651 -0.047658473 0.986518860
1305031117.911407 -0.151210919 -0.040956810 0.071164295 -0.046463337 -0.145929918 -0.047222104 0.987074316
1305031117.943253 -0.155180842 -0.044990890 0.073060431 -0.042652451 -0.142834857 -0.049904015 0.987567008
1305031117.979228 -0.161221310 -0.057819389 0.070550658 -0.045872152 -0.138470396 -0.052324802 0.987918913
1305031118.011228 -0.159300014 -0.066677861 0.081028312 -0.048063930 -0.140834823 -0.051510155 0.987523258
1305031118.043521 -0.162452623 -0.070390344 0.083681643 -0.045117531 -0.139032409 -0.049918152 0.987999260
1305031118.079334 -0.163993865 -0.072371736 0.094433561 -0.042238437 -0.138883978 -0.050053783 0.988140583
1305031118.111217 -0.169270575 -0.080779038 0.096429661 -0.040006295 -0.132580727 -0.053796992 0.988902271
1305031118.143256 -0.161659479 -0.091633871 0.102076337 -0.040818613 -0.133112192 -0.052637942 0.988860071
1305031118.179323 -0.160787955 -0.103347853 0.101551965 -0.040302895 -0.130234286 -0.055909138 0.989084840
1305031118.211202 -0.168944091 -0.109054320 0.102158435 -0.035993453 -0.125886351 -0.055048704 0.989861965
1305031118.243173 -0.171927989 -0.120247759 0.099650189 -0.033355858 -0.125332251 -0.058286533 0.989839315
1305031118.279194 -0.173908398 -0.153046504 0.109995857 -0.040841389 -0.126403660 -0.055927627 0.989558578
1305031118.311299 -0.175366804 -0.155307621 0.114233993 -0.032855093 -0.127472863 -0.055585079 0.989738107
1305031118.343324 -0.177074224 -0.156329125 0.116192766 -0.026368242 -0.125882059 -0.054515213 0.990195215
1305031118.379208 -0.180831194 -0.166058943 0.113248460 -0.022558304 -0.122675501 -0.058283675 0.990477085
1305031118.411296 -0.185097754 -0.160072252 0.112054750 -0.015261616 -0.123166561 -0.058373239 0.990550160
1305031118.445692 -0.183064297 -0.159353703 0.113761410 -0.013636319 -0.123698927 -0.054656658 0.990719616
1305031118.479285 -0.179201871 -0.162976235 0.117353022 -0.014773909 -0.125775531 -0.050348267 0.990670145
1305031118.511255 -0.178103074 -0.156587183 0.123984516 -0.012427286 -0.127582058 -0.045424707 0.990709364
1305031118.544414 -0.179245919 -0.149419129 0.123517759 -0.010340642 -0.125955850 -0.047534078 0.990842402
1305031118.579285 -0.174778029 -0.147277951 0.130767912 -0.012855143 -0.127909213 -0.046972379 0.990589499
1305031118.616142 -0.179389581 -0.151475668 0.121236503 -0.014474982 -0.121974014 -0.053703278 0.990973651
1305031118.645325 -0.178965777 -0.141925260 0.122177564 -0.013438733 -0.120248847 -0.056030713 0.991070211
1305031118.679295 -0.176695853 -0.141361788 0.120865762 -0.018936070 -0.119633809 -0.058018688 0.990940511
1305031118.711421 -0.176501885 -0.140613750 0.116025954 -0.021059914 -0.119138174 -0.061239645 0.990763485
1305031118.746770 -0.177266821 -0.136434302 0.113654055 -0.021187419 -0.121437706 -0.060916681 0.990501463
1305031118.779277 -0.175995857 -0.123073027 0.109319344 -0.022339456 -0.124895379 -0.061718341 0.989996433
1305031118.811221 -0.170370489 -0.128996372 0.106839843 -0.031661116 -0.127857879 -0.063357055 0.989260256
1305031118.846753 -0.164584905 -0.120459884 0.102350712 -0.028354615 -0.128843695 -0.060792241 0.989393592
1305031118.879208 -0.163139045 -0.104859233 0.089645423 -0.024997979 -0.124941565 -0.063648209 0.989804864
1305031118.911177 -0.160886213 -0.099438995 0.088384107 -0.028324461 -0.124467306 -0.066565700 0.989583075
1305031118.946974 -0.160925135 -0.089418575 0.080570199 -0.026834264 -0.121892288 -0.068957627 0.989781320
1305031118.979374 -0.159718037 -0.076384827 0.074499391 -0.026717627 -0.120941855 -0.072619110 0.989639163
1305031119.011363 -0.157162473 -0.063265808 0.073697604 -0.029394599 -0.122111320 -0.073187053 0.989377797
1305031119.047172 -0.156499609 -0.052384242 0.072473556 -0.031251729 -0.123183034 -0.073607258 0.989156842
1305031119.079223 -0.155242950 -0.038322031 0.063844420 -0.029652653 -0.124564514 -0.072934709 0.989082873
1305031119.111328 -0.155389443 -0.026476309 0.059542425 -0.029782569 -0.127750948 -0.072619997 0.988695621
1305031119.147616 -0.153457120 -0.018394148 0.051483516 -0.030794242 -0.131056502 -0.072024323 0.988275468
1305031119.179226 -0.152435154 -0.010753939 0.048224557 -0.030897222 -0.134874076 -0.072516516 0.987722456
1305031119.211364 -0.145856351 -0.003831156 0.043120611 -0.029894901 -0.138923571 -0.071003392 0.987301886
1305031119.247399 -0.145129278 0.004458703 0.037806522 -0.029002082 -0.139834031 -0.071195409 0.987186134
1305031119.279212 -0.146288395 0.008565927 0.031307768 -0.031300217 -0.139426872 -0.070579737 0.987217784
1305031119.311212 -0.144113973 0.018953595 0.026437338 -0.030714605 -0.139882445 -0.068415679 0.987324059
1305031119.347741 -0.145054594 0.026635094 0.020238455 -0.030223306 -0.140350401 -0.066862300 0.987379253
1305031119.379239 -0.143739864 0.038331229 0.017125472 -0.028840095 -0.142612383 -0.065926291 0.987159431
1305031119.411484 -0.140996337 0.045656979 0.015929658 -0.029760979 -0.142864138 -0.066002935 0.987090528
1305031119.447706 -0.134928674 0.049826808 0.014579795 -0.031884655 -0.142698899 -0.065413117 0.987087369
1305031119.479267 -0.133941159 0.059548907 0.009070948 -0.030916620 -0.140275672 -0.065426923 0.987464547
1305031119.511240 -0.136295736 0.066338986 0.002990641 -0.033349212 -0.137224942 -0.064871229 0.987850606
1305031119.547382 -0.131795943 0.076189876 0.005888488 -0.035346519 -0.139782965 -0.061200891 0.987656713
1305031119.579559 -0.125472933 0.091199838 0.006158747 -0.035918705 -0.141160429 -0.060414191 0.987488568
1305031119.615017 -0.127953753 0.095230006 0.007709663 -0.041294340 -0.138838857 -0.061190058 0.987559795
1305031119.647903 -0.130270585 0.113553375 0.002358254 -0.040672086 -0.135829493 -0.059975639 0.988078475
1305031119.679208 -0.127058983 0.125305355 0.001957253 -0.043579698 -0.134067610 -0.061054423 0.988129020
1305031119.715232 -0.131047651 0.134465262 0.007733379 -0.048079699 -0.129086703 -0.060429230 0.988621891
1305031119.747193 -0.134143844 0.139197543 -0.003727008 -0.052584082 -0.123944834 -0.058007862 0.989195466
1305031119.779169 -0.128887609 0.148643315 -0.005514439 -0.055892352 -0.126841813 -0.054910406 0.988823533
1305031119.814537 -0.127802342 0.162594512 -0.002585772 -0.056406431 -0.129036754 -0.049834400 0.988779247
1305031119.847429 -0.128276348 0.175253868 0.003896147 -0.057210062 -0.129763618 -0.044417914 0.988896072
1305031119.879214 -0.126305625 0.175912723 0.000612631 -0.059711806 -0.127853408 -0.045518082 0.988946974
1305031119.911401 -0.126398489 0.185027018 -0.003872316 -0.059035480 -0.124897018 -0.044916041 0.989392817
1305031119.947392 -0.129884109 0.206033126 -0.007301297 -0.054158114 -0.119659446 -0.045982536 0.990269721
1305031119.979537 -0.125263497 0.197169095 -0.003600497 -0.064883083 -0.120151103 -0.046629582 0.989535034
1305031120.015264 -0.129513532 0.214031756 -0.012560248 -0.063994676 -0.112667263 -0.043254595 0.990625978
1305031120.047290 -0.133056402 0.209672764 -0.015860237 -0.073172458 -0.108991608 -0.046061486 0.990275204
1305031120.079418 -0.134098858 0.202414677 -0.011204105 -0.080599457 -0.112344839 -0.042499527 0.989482760
1305031120.115232 -0.134217694 0.217970073 -0.013244640 -0.074598849 -0.113692112 -0.043626033 0.989750385
1305031120.148157 -0.135742247 0.216916293 -0.014363054 -0.075746477 -0.113147646 -0.043631639 0.989725411
1305031120.179246 -0.131010711 0.209962204 -0.011254191 -0.077733286 -0.115888670 -0.040551692 0.989385128
1305031120.215249 -0.126737624 0.204328969 -0.009340569 -0.075461298 -0.118342347 -0.038362809 0.989357889
1305031120.248003 -0.130083561 0.199545383 -0.010251474 -0.071768835 -0.117174022 -0.041042302 0.989664078
1305031120.279430 -0.128074199 0.193297341 0.000349674 -0.069112815 -0.119932167 -0.041781265 0.989491820
1305031120.315196 -0.134461254 0.191073328 -0.001410920 -0.063245334 -0.115727380 -0.045466550 0.990222216
1305031120.347787 -0.130381644 0.182017371 -0.005240984 -0.060967926 -0.116275832 -0.046729162 0.990242004
1305031120.379437 -0.131085128 0.165275723 -0.003042042 -0.063430600 -0.116650872 -0.047305305 0.990015864
1305031120.415445 -0.129870027 0.148945585 0.002554704 -0.062545724 -0.120140515 -0.043915495 0.989811003
1305031120.447417 -0.130903810 0.148920015 0.011394899 -0.051593699 -0.122677445 -0.043319941 0.990157425
1305031120.479432 -0.131407976 0.131971031 0.010474805 -0.052285776 -0.122396491 -0.042915784 0.990173459
1305031120.514819 -0.132994816 0.123543017 0.012665763 -0.046017859 -0.124444865 -0.040095057 0.990347564
1305031120.547736 -0.137174487 0.113434844 0.019756563 -0.040361658 -0.127119586 -0.039715227 0.990269780
1305031120.579551 -0.140265435 0.105083987 0.017164215 -0.036607757 -0.128766805 -0.037093900 0.990304530
1305031120.615236 -0.138617039 0.093453690 0.025221013 -0.035473239 -0.134776771 -0.034697495 0.989632726
1305031120.647354 -0.138126433 0.087209307 0.032596350 -0.030463442 -0.139573961 -0.033218630 0.989185333
1305031120.679318 -0.136552215 0.082170449 0.034762204 -0.026983717 -0.141975388 -0.032126788 0.988980651
1305031120.714522 -0.138074338 0.075114109 0.038827062 -0.024144012 -0.142416582 -0.031649314 0.989006042
1305031120.747369 -0.143031895 0.069030307 0.043415412 -0.022573283 -0.143603742 -0.030392852 0.988910854
1305031120.779894 -0.147179380 0.059323873 0.042231712 -0.020244667 -0.143596143 -0.031045046 0.988942146
1305031120.814944 -0.139133126 0.049195908 0.046538480 -0.018770732 -0.147807285 -0.031102113 0.988348782
1305031120.847921 -0.139771357 0.040341530 0.048330631 -0.019929238 -0.148317084 -0.032779578 0.988195539
1305031120.883435 -0.141532719 0.036195587 0.052820936 -0.015642712 -0.148350731 -0.034059197 0.988224387
1305031120.915444 -0.145149335 0.028325731 0.055634234 -0.014503500 -0.146214426 -0.035205662 0.988519907
1305031120.947488 -0.144795656 0.019909702 0.058687765 -0.014929739 -0.146552339 -0.036021389 0.988434136
1305031120.983366 -0.147928551 0.013285201 0.060112718 -0.013213969 -0.145389214 -0.038247064 0.988546669
1305031121.015019 -0.149411321 0.000501530 0.059214741 -0.012667126 -0.145614937 -0.041645780 0.988383234
1305031121.047498 -0.151166588 -0.003856998 0.060845371 -0.010695457 -0.145091504 -0.041562866 0.988487005
1305031121.083099 -0.155122042 -0.012432748 0.062008280 -0.009372744 -0.145235911 -0.043177754 0.988409996
1305031121.114696 -0.156076282 -0.015958948 0.065732077 -0.004701232 -0.147197992 -0.043765061 0.988127172
1305031121.147331 -0.156531245 -0.027653679 0.066789731 -0.004565044 -0.148310959 -0.043874133 0.987956524
1305031121.183271 -0.156112328 -0.034779549 0.067558438 -0.002198863 -0.150059596 -0.043603081 0.987712562
1305031121.211420 -0.156661272 -0.039898630 0.071568295 0.002159316 -0.149890527 -0.044975791 0.987676740
1305031121.247194 -0.160516113 -0.046409767 0.072859332 0.003415442 -0.148002893 -0.044194467 0.987993121
1305031121.282876 -0.161933631 -0.057266299 0.078431100 0.002452360 -0.150150463 -0.042557526 0.987743735
1305031121.313568 -0.157311112 -0.065445907 0.083611235 0.005022819 -0.153318599 -0.041175205 0.987305820
1305031121.347517 -0.164037630 -0.074178599 0.082142457 0.007104763 -0.151900604 -0.041681860 0.987490952
1305031121.383226 -0.164619416 -0.081216164 0.086492628 0.009626161 -0.153327346 -0.040102359 0.987314463
1305031121.414318 -0.166976869 -0.090674482 0.088955879 0.012866977 -0.152272865 -0.039713450 0.987456441
1305031121.447319 -0.171931833 -0.098512508 0.085824437 0.014890988 -0.149778754 -0.042369060 0.987699032
1305031121.482964 -0.169762999 -0.114583582 0.085694030 0.012970430 -0.148370340 -0.038095661 0.988112748
1305031121.514107 -0.169191077 -0.118288465 0.086588338 0.017386524 -0.147525862 -0.037121322 0.988208413
1305031121.547270 -0.171109051 -0.126840502 0.086351037 0.015588172 -0.146751061 -0.038451687 0.988302886
1305031121.583204 -0.174243003 -0.137849584 0.087775841 0.012827845 -0.144488588 -0.039205201 0.988646269
1305031121.614700 -0.169231862 -0.138692975 0.103530988 0.014900036 -0.147664204 -0.035614043 0.988283873
1305031121.647183 -0.168650419 -0.138064116 0.108141899 0.018084336 -0.143541068 -0.035790820 0.988831580
1305031121.683200 -0.176663727 -0.150204986 0.103321403 0.015006760 -0.136520296 -0.039975453 0.989716589
1305031121.714520 -0.176555037 -0.161516607 0.100339860 0.012007518 -0.135957286 -0.039546762 0.989852250
1305031121.747145 -0.178902537 -0.163682714 0.102733456 0.011727870 -0.135422066 -0.040171936 0.989903808
1305031121.782835 -0.180820912 -0.170525059 0.100227192 0.010769210 -0.133288607 -0.040568851 0.990188062
1305031121.811540 -0.181676835 -0.175537243 0.100778684 0.009048657 -0.131623134 -0.039142694 0.990485430
1305031121.847335 -0.180485338 -0.179617524 0.097639516 0.007145016 -0.129904404 -0.035804000 0.990854144
1305031121.882060 -0.182699427 -0.181127504 0.100436777 0.003699475 -0.129747018 -0.028598746 0.991127729
1305031121.914931 -0.180052966 -0.182234839 0.107071131 0.000147151 -0.133920819 -0.024888752 0.990679443
1305031121.947288 -0.179981142 -0.180264980 0.105418518 0.001614275 -0.135363787 -0.025731102 0.990460455
1305031121.982926 -0.182445839 -0.169909760 0.105044216 0.005319731 -0.133658826 -0.026955329 0.990646482
1305031122.014256 -0.178808942 -0.174291551 0.105811700 0.001379702 -0.135170519 -0.028602084 0.990408480
1305031122.047306 -0.180885792 -0.166124925 0.103674725 0.004307351 -0.135265514 -0.032439221 0.990268886
1305031122.082959 -0.177486911 -0.161109656 0.103657931 0.005151813 -0.137034118 -0.036055930 0.989896536
1305031122.114672 -0.176619798 -0.158648953 0.096185222 0.004089693 -0.136432528 -0.040496632 0.989812851
1305031122.150725 -0.174888387 -0.151930958 0.092529193 0.003612012 -0.136096403 -0.045230392 0.989655972
1305031122.183042 -0.169400468 -0.142026007 0.094965361 0.005705812 -0.137423307 -0.048617736 0.989302099
1305031122.214959 -0.172699422 -0.130360708 0.085490003 0.004944402 -0.133154392 -0.058619648 0.989347875
1305031122.251319 -0.170106187 -0.127657846 0.079987526 -0.002825771 -0.132241145 -0.060851309 0.989343941
1305031122.283560 -0.169890225 -0.111204989 0.079899043 -0.001217840 -0.133314475 -0.061697945 0.989150703
1305031122.314289 -0.169297129 -0.100032531 0.079479575 -0.007178601 -0.136267945 -0.067742489 0.988327086
1305031122.351327 -0.172377750 -0.085697591 0.070714355 -0.010509308 -0.135278255 -0.071298480 0.988183141
1305031122.382630 -0.165431470 -0.074074544 0.071215160 -0.015982693 -0.140614346 -0.070212401 0.987442374
1305031122.414997 -0.165946290 -0.060096446 0.073808923 -0.017198958 -0.145122826 -0.070279762 0.986764610
1305031122.451257 -0.166653499 -0.047201864 0.067587912 -0.018506680 -0.148441210 -0.068962470 0.986340165
1305031122.483360 -0.165871233 -0.040869713 0.060222328 -0.022605946 -0.152350843 -0.070421115 0.985555232
1305031122.515097 -0.161974832 -0.032881923 0.056586102 -0.023810655 -0.156474248 -0.072463349 0.984732449
1305031122.551490 -0.160116225 -0.018475356 0.056604806 -0.023938749 -0.158223584 -0.073300481 0.984387815
1305031122.583208 -0.162819475 -0.010791318 0.047934230 -0.024873506 -0.153924540 -0.076313704 0.984817147
1305031122.614980 -0.160202622 -0.007933065 0.045750532 -0.028059008 -0.155538604 -0.075443767 0.984544933
1305031122.648788 -0.160199150 0.000435214 0.037081055 -0.026936183 -0.156062633 -0.075826578 0.984463930
1305031122.683402 -0.160430595 0.007886311 0.034648418 -0.027710840 -0.157243699 -0.074660704 0.984343588
1305031122.715208 -0.157470107 0.014750494 0.025871500 -0.028889779 -0.159594253 -0.072298728 0.984107733
1305031122.751298 -0.152886271 0.028024845 0.023808785 -0.027738037 -0.163511351 -0.071251966 0.983574033
1305031122.783423 -0.150375888 0.039357435 0.024521660 -0.031127337 -0.164765224 -0.071791485 0.983224034
1305031122.812555 -0.149570405 0.046184026 0.021596864 -0.036359657 -0.162976384 -0.072832055 0.983266056
1305031122.851418 -0.142320037 0.057612084 0.028710492 -0.036716074 -0.162981108 -0.072773702 0.983256400
1305031122.883754 -0.144094706 0.072228290 0.020882435 -0.036399610 -0.154650524 -0.073134504 0.984586000
1305031122.914571 -0.148119405 0.074414238 0.017081827 -0.041703634 -0.149834096 -0.073504031 0.985092759
1305031122.951341 -0.148997992 0.078947075 0.014407732 -0.043761063 -0.147852406 -0.073264197 0.985320747
1305031122.982815 -0.148892388 0.086741731 0.013662040 -0.046342310 -0.148833349 -0.069126643 0.985354006
1305031123.015450 -0.147175670 0.096497335 0.014686979 -0.047531758 -0.150430709 -0.066468038 0.985237718
1305031123.051827 -0.145463064 0.097861722 0.010091167 -0.049093101 -0.149703920 -0.065013073 0.985368907
1305031123.082975 -0.146923393 0.112811819 0.008951452 -0.046058491 -0.148297802 -0.062096186 0.985916078
1305031123.113873 -0.144018009 0.119891293 0.007151321 -0.049080756 -0.147570685 -0.060362581 0.985987008
1305031123.150822 -0.142982334 0.124277622 0.004698981 -0.053288192 -0.146908954 -0.060033411 0.985887468
1305031123.182155 -0.138113216 0.143067136 0.010174323 -0.051626850 -0.147839263 -0.057983596 0.985959530
1305031123.214704 -0.142246291 0.156692028 0.010233551 -0.052664526 -0.140790954 -0.059730798 0.986831605
1305031123.250618 -0.134223565 0.163437128 0.006485537 -0.060241025 -0.139200926 -0.059554979 0.986634374
1305031123.282347 -0.130079240 0.169676840 0.006876409 -0.070045419 -0.137145057 -0.055424798 0.986515582
1305031123.311327 -0.126755252 0.173582256 0.009187069 -0.076702364 -0.134892300 -0.058038317 0.986180723
1305031123.350481 -0.129716128 0.181785405 0.008131709 -0.079588160 -0.128494710 -0.059419364 0.986723959
1305031123.382255 -0.123689182 0.189373732 0.006570414 -0.085083000 -0.126179993 -0.055035904 0.986818373
1305031123.411363 -0.126197547 0.190582171 0.008397508 -0.090486363 -0.120797053 -0.052482404 0.987150371
1305031123.451255 -0.135377511 0.206625432 -0.009849567 -0.086338170 -0.108187571 -0.054774746 0.988858402
1305031123.483594 -0.138497427 0.227237105 -0.005131688 -0.083511889 -0.105228022 -0.048852894 0.989730358
1305031123.511360 -0.134871304 0.230993569 -0.004500352 -0.088020220 -0.105456755 -0.046288252 0.989438593
1305031123.551513 -0.132636428 0.237240136 -0.008152790 -0.089083090 -0.104953401 -0.045432735 0.989436626
1305031123.579583 -0.127782270 0.240070894 -0.006819874 -0.093388073 -0.106146052 -0.044126157 0.988971472
1305031123.611335 -0.126349226 0.247379005 -0.007335916 -0.094588533 -0.105637945 -0.041486684 0.989026010
1305031123.652411 -0.117988981 0.251781553 -0.004531443 -0.099236377 -0.107247017 -0.041183647 0.988409877
1305031123.683753 -0.115522176 0.262397408 -0.004336230 -0.101121314 -0.104671195 -0.037962738 0.988623917
1305031123.711323 -0.115309775 0.271567374 0.001191527 -0.102484539 -0.102559246 -0.037315182 0.988729537
1305031123.751723 -0.115701601 0.264106691 -0.003554977 -0.111638725 -0.098640151 -0.037517752 0.988129199
1305031123.783858 -0.108097658 0.259661466 -0.006994545 -0.117401220 -0.101497084 -0.037109718 0.987186968
1305031123.811608 -0.119818851 0.271326661 -0.011629179 -0.112676479 -0.095313698 -0.035152532 0.988424838
1305031123.851444 -0.120290503 0.277081549 -0.011388004 -0.110915519 -0.093830064 -0.032977272 0.988840818
1305031123.883786 -0.124770001 0.263180643 -0.018110834 -0.118745744 -0.092288226 -0.031332519 0.988129854
1305031123.911243 -0.119549379 0.260706931 -0.014566906 -0.116165392 -0.097678162 -0.031514723 0.987912655
1305031123.951442 -0.117937312 0.269966990 -0.007959783 -0.108886071 -0.099822618 -0.032578576 0.988492727
1305031123.983415 -0.122021623 0.262689799 -0.009393565 -0.113747217 -0.100499436 -0.029044924 0.987986743
1305031124.011302 -0.109307654 0.249967873 -0.000330143 -0.113460898 -0.112740122 -0.029901506 0.986672282
1305031124.051505 -0.117037319 0.240841404 -0.008140720 -0.112269916 -0.110481538 -0.028203044 0.987113893
1305031124.083837 -0.129076317 0.242437541 -0.009339347 -0.107363306 -0.107443601 -0.027516350 0.988014102
1305031124.111331 -0.127381399 0.231328964 -0.005001836 -0.102896608 -0.111967929 -0.028193193 0.987967908
1305031124.147446 -0.120890684 0.230191663 0.006246366 -0.095313407 -0.119351007 -0.029108971 0.987837732
1305031124.182694 -0.126940116 0.222476751 0.005974837 -0.094674580 -0.117918715 -0.030190568 0.988038659
1305031124.211396 -0.121099196 0.200928181 0.008375272 -0.095752023 -0.121839792 -0.032970604 0.987370014
1305031124.249327 -0.123745143 0.199913234 0.008904815 -0.087605044 -0.122749768 -0.032095402 0.988042355
1305031124.282545 -0.131280974 0.193752185 0.008039773 -0.086528473 -0.124023989 -0.031884566 0.987984955
1305031124.311361 -0.127471998 0.182147160 0.016716652 -0.085282937 -0.131559908 -0.030211629 0.987170756
1305031124.350354 -0.128934130 0.177005842 0.023228016 -0.077972338 -0.135971397 -0.032206636 0.987114370
1305031124.382420 -0.127760381 0.173219696 0.023030046 -0.072184987 -0.138287976 -0.033439875 0.987191737
1305031124.411439 -0.126904353 0.159580141 0.027025372 -0.069655485 -0.141625851 -0.033615142 0.986894250
1305031124.450245 -0.126334205 0.148368925 0.029421039 -0.063716538 -0.143883795 -0.034449760 0.986940145
1305031124.480099 -0.127795368 0.137119800 0.031252053 -0.058442745 -0.145379290 -0.035097349 0.987024546
1305031124.511324 -0.129951641 0.128531784 0.026033387 -0.051293131 -0.145233735 -0.037493434 0.987355292
1305031124.550437 -0.131644517 0.113293253 0.026737027 -0.049575780 -0.146933109 -0.039963704 0.987094641
1305031124.579404 -0.135792658 0.101821497 0.024812099 -0.044854257 -0.147042140 -0.044571131 0.987106919
1305031124.611358 -0.133474097 0.092527255 0.033389498 -0.040933006 -0.152826503 -0.041549880 0.986530364
1305031124.651271 -0.136445388 0.085498020 0.036697570 -0.034808189 -0.154744044 -0.045599625 0.986287653
1305031124.679362 -0.134696007 0.070124716 0.037699576 -0.032785006 -0.157131106 -0.047262967 0.985901237
1305031124.711251 -0.134511903 0.063617654 0.040992420 -0.026511945 -0.158209428 -0.048678856 0.985848486
1305031124.749890 -0.137055665 0.051893909 0.047077768 -0.025140803 -0.158917680 -0.048749257 0.985767007
1305031124.779365 -0.140118614 0.040088981 0.048978847 -0.021573339 -0.159392282 -0.050230838 0.985700548
1305031124.811360 -0.141420081 0.029678628 0.048630271 -0.019027054 -0.159913853 -0.052083999 0.985572338
1305031124.850535 -0.143566743 0.022082129 0.054428026 -0.017022001 -0.160644025 -0.053419273 0.985418737
1305031124.879355 -0.141306207 0.004491660 0.063032404 -0.018478727 -0.163682371 -0.052273497 0.984953880
1305031124.911448 -0.146376669 0.004997788 0.065227821 -0.012534504 -0.159328893 -0.051699404 0.985791266
1305031124.950730 -0.148143649 -0.007202654 0.073704012 -0.016740017 -0.158837184 -0.051170412 0.985835731
1305031124.979438 -0.151249692 -0.027082894 0.070499986 -0.018488213 -0.155817345 -0.050393399 0.986326337
1305031125.011454 -0.152824521 -0.033436559 0.077133082 -0.012876830 -0.159198925 -0.047888953 0.986000299
1305031125.050763 -0.151685059 -0.037580434 0.083441690 -0.009464111 -0.162979484 -0.046510722 0.985487103
1305031125.079364 -0.154088110 -0.044789091 0.090809599 -0.009680329 -0.162152022 -0.042792395 0.985789955
1305031125.111364 -0.152743861 -0.056283366 0.093472376 -0.009843961 -0.164392754 -0.041885685 0.985456109
1305031125.151013 -0.154751599 -0.058383975 0.100226507 -0.003703197 -0.165055498 -0.043074526 0.985336304
1305031125.179353 -0.156946391 -0.061270893 0.105057642 -0.003085875 -0.163140848 -0.040282656 0.985775232
1305031125.211320 -0.159559980 -0.072011679 0.111891299 -0.005883982 -0.162468880 -0.042669095 0.985773087
1305031125.250632 -0.167365730 -0.082151398 0.104280859 -0.003856753 -0.157974139 -0.045391116 0.986391902
1305031125.279467 -0.168875337 -0.085938260 0.106709071 0.000063848 -0.158081800 -0.045710940 0.986367404
1305031125.311493 -0.169958755 -0.096241504 0.110411376 -0.001077119 -0.156539679 -0.044698786 0.986659110
1305031125.348880 -0.174659565 -0.096569940 0.114987239 0.005392737 -0.155071720 -0.047546562 0.986743629
1305031125.379401 -0.170580670 -0.103561267 0.122418337 0.005514697 -0.155595958 -0.052237105 0.986423194
1305031125.411335 -0.172351122 -0.110629305 0.120124795 0.004355132 -0.148322001 -0.053360477 0.987488866
1305031125.451195 -0.175126120 -0.118298993 0.121835716 0.000490768 -0.142323583 -0.055257507 0.988276482
1305031125.479424 -0.178436875 -0.128636241 0.111027002 0.000567224 -0.135177106 -0.059519369 0.989031971
1305031125.511316 -0.176069543 -0.128152624 0.111489005 0.002082458 -0.132477656 -0.058661833 0.989446402
1305031125.551020 -0.176205903 -0.133531228 0.119042598 -0.000754153 -0.130947769 -0.058574494 0.989657104
1305031125.579308 -0.177843601 -0.129814446 0.125546634 0.000176306 -0.127848849 -0.059691366 0.989995778
1305031125.611533 -0.184131026 -0.128038809 0.119157001 0.003778883 -0.121222675 -0.061055124 0.990738690
1305031125.650575 -0.184240133 -0.133861899 0.118246824 0.005565018 -0.121745311 -0.056938980 0.990911245
1305031125.679328 -0.183068514 -0.140304953 0.102623925 0.005823233 -0.124355741 -0.058212835 0.990511477
1305031125.711443 -0.180495068 -0.132269099 0.110658802 0.009554578 -0.132368043 -0.055422734 0.989603817
1305031125.751260 -0.174158722 -0.122296311 0.108072162 0.015048903 -0.136629596 -0.053060427 0.989085674
1305031125.779348 -0.170187384 -0.119406186 0.104051262 0.013506650 -0.137997910 -0.056037962 0.988753676
1305031125.811573 -0.167336702 -0.113190986 0.094918415 0.013302557 -0.136432394 -0.056696486 0.988936186
1305031125.847412 -0.167332336 -0.107579738 0.096100688 0.011667614 -0.134991616 -0.059832491 0.988969803
1305031125.879318 -0.165123492 -0.101976678 0.093887255 0.009447187 -0.136826217 -0.057724107 0.988866627
1305031125.911305 -0.166874215 -0.084540054 0.092574410 0.009500500 -0.139579803 -0.057696883 0.988482833
1305031125.947343 -0.168719336 -0.080605164 0.091763616 0.003909652 -0.145508170 -0.054532513 0.987845302
1305031125.979324 -0.164301723 -0.069451615 0.086045422 0.003801999 -0.153252512 -0.052458849 0.986786366
1305031126.011333 -0.162040859 -0.055548429 0.086921200 0.002620015 -0.159220189 -0.052217573 0.985857725
1305031126.047324 -0.160423279 -0.045083612 0.082542889 0.000843903 -0.159509838 -0.055900276 0.985612035
1305031126.079356 -0.159349263 -0.038082059 0.081807852 -0.005519834 -0.157932654 -0.055273701 0.985886216
1305031126.111370 -0.156915739 -0.025023494 0.080073774 -0.007704814 -0.157063141 -0.056129314 0.985962152
1305031126.147432 -0.153322056 -0.012624613 0.078052916 -0.010104304 -0.156745568 -0.054818939 0.986064732
1305031126.179384 -0.149170727 -0.003783835 0.074432835 -0.018392226 -0.157035112 -0.053855687 0.985951960
1305031126.211319 -0.152667329 0.003142885 0.070639193 -0.022975033 -0.154626802 -0.056688830 0.986077607
1305031126.247298 -0.147625595 0.017159689 0.071149349 -0.025538962 -0.154917434 -0.055406574 0.986041844
1305031126.279363 -0.141356021 0.029839553 0.070345841 -0.028535457 -0.155294612 -0.055556741 0.985891879
1305031126.311332 -0.140534431 0.040651109 0.067475118 -0.033053067 -0.151115760 -0.057327859 0.986298680
1305031126.347363 -0.143585801 0.050907984 0.061097927 -0.037153818 -0.144661009 -0.060231443 0.986947298
1305031126.379423 -0.139793530 0.062066112 0.064555511 -0.039219100 -0.143847063 -0.061155099 0.986929536
1305031126.411465 -0.136096597 0.066129237 0.055173129 -0.046185076 -0.141321078 -0.063247636 0.986861229
1305031126.447361 -0.140117019 0.071752138 0.051955286 -0.051820200 -0.137429625 -0.063472748 0.987116516
1305031126.479533 -0.140669852 0.082982652 0.052819718 -0.053030014 -0.137866378 -0.060777660 0.987160981
1305031126.511410 -0.135237262 0.094134845 0.048965365 -0.056209706 -0.140686557 -0.058572814 0.986720324
1305031126.547374 -0.135597557 0.105228975 0.051358979 -0.060754020 -0.140884399 -0.058909066 0.986402690
1305031126.579454 -0.134098709 0.118340276 0.056947701 -0.063047864 -0.140139297 -0.055659484 0.986553609
1305031126.611528 -0.131217912 0.124281980 0.057287246 -0.068818368 -0.139268398 -0.055224847 0.986315668
1305031126.647376 -0.129995391 0.130193442 0.058290221 -0.073557451 -0.138018623 -0.052639436 0.986290693
1305031126.679479 -0.125325337 0.138325900 0.060664445 -0.074406192 -0.138165116 -0.047362171 0.986473978
1305031126.711583 -0.120695956 0.139490068 0.054865316 -0.079349808 -0.137041226 -0.044012420 0.986400664
1305031126.747316 -0.117920518 0.138468534 0.057270110 -0.083210029 -0.137154460 -0.040616851 0.986212432
1305031126.779379 -0.115526520 0.141140580 0.057183720 -0.084287368 -0.137373999 -0.037527129 0.986212850
1305031126.811602 -0.110900030 0.144863740 0.055230610 -0.084358022 -0.136534408 -0.036753487 0.986352503
1305031126.847343 -0.111904636 0.148405790 0.052815363 -0.084788911 -0.131984815 -0.035923999 0.986965239
1305031126.879357 -0.113247119 0.152074918 0.051441189 -0.084668376 -0.128525242 -0.035709966 0.987439811
1305031126.911364 -0.109077737 0.151844412 0.051132999 -0.085491374 -0.128534466 -0.035878949 0.987361550
1305031126.947437 -0.106296256 0.151887059 0.050256565 -0.087434158 -0.128499463 -0.033791270 0.987269640
1305031126.979337 -0.110680640 0.152156606 0.039376691 -0.086500153 -0.124322072 -0.034927849 0.987847030
1305031127.011371 -0.117524281 0.157560095 0.034321282 -0.081693299 -0.120713763 -0.035424624 0.988685727
1305031127.047297 -0.115188465 0.154962555 0.033953708 -0.081682086 -0.121316478 -0.035728548 0.988601923
1305031127.079299 -0.116541877 0.154418111 0.032752804 -0.082556538 -0.121208169 -0.034022197 0.988602817
1305031127.111435 -0.115359075 0.156318471 0.033038586 -0.081019014 -0.124379389 -0.033276070 0.988361478
1305031127.147307 -0.120084934 0.151585177 0.036586843 -0.081399366 -0.127164960 -0.033590589 0.987965047
1305031127.179349 -0.123432830 0.155548841 0.036154129 -0.076326579 -0.128154889 -0.034055531 0.988226116
1305031127.211700 -0.119155914 0.153368711 0.039195023 -0.075994104 -0.131888494 -0.033989873 0.987762630
1305031127.247374 -0.117682040 0.145468831 0.038971134 -0.076589718 -0.132262006 -0.034776170 0.987639308
1305031127.279465 -0.122245088 0.147113696 0.034832746 -0.072423659 -0.129870102 -0.037010070 0.988189697
1305031127.311362 -0.122670457 0.142987520 0.040196355 -0.074037381 -0.132235721 -0.037228253 0.987748086
1305031127.347356 -0.123471051 0.136970460 0.041703649 -0.074422829 -0.133776635 -0.035661500 0.987569392
1305031127.379262 -0.122408241 0.138557121 0.046224751 -0.071213014 -0.136896402 -0.034357529 0.987424731
1305031127.411371 -0.119805217 0.132596493 0.046466339 -0.072578095 -0.138886049 -0.035969391 0.986990035
1305031127.447333 -0.121655978 0.127570525 0.049459130 -0.072920084 -0.140323386 -0.036737774 0.986733198
1305031127.479362 -0.125006646 0.132614136 0.049190864 -0.067448333 -0.139655679 -0.037344880 0.987194180
1305031127.511356 -0.124288931 0.130436584 0.050326381 -0.069264404 -0.141062349 -0.038025182 0.986842453
1305031127.547348 -0.126424178 0.127627373 0.052600384 -0.068885110 -0.141589224 -0.039326128 0.986742496
1305031127.579345 -0.122303277 0.124551550 0.056570347 -0.069269091 -0.145130366 -0.037870817 0.986257970
1305031127.611271 -0.128349707 0.129733473 0.052963253 -0.066034831 -0.141959101 -0.039358854 0.986882925
1305031127.647358 -0.130110607 0.121765316 0.049090933 -0.069756389 -0.140544772 -0.039523058 0.986822784
1305031127.679298 -0.128778055 0.121761650 0.052472204 -0.068138659 -0.142521650 -0.037434489 0.986733675
1305031127.711375 -0.127343535 0.124427721 0.058195822 -0.066614121 -0.145333648 -0.037342120 0.986431062
1305031127.747304 -0.125409484 0.120216124 0.059793368 -0.069741979 -0.147060052 -0.036477126 0.985991299
1305031127.779346 -0.123892024 0.117444083 0.062188696 -0.069833741 -0.148429409 -0.036214307 0.985789299
1305031127.811829 -0.121910401 0.118236803 0.062541045 -0.068543397 -0.150162980 -0.035985444 0.985625684
1305031127.847366 -0.123598516 0.117401510 0.059360545 -0.068571508 -0.148674071 -0.037047200 0.985810041
1305031127.879380 -0.124417230 0.113904767 0.057397872 -0.069530770 -0.148531184 -0.038972277 0.985690176
1305031127.911476 -0.125665396 0.113467492 0.055489652 -0.068582855 -0.148234189 -0.041371275 0.985703528
1305031127.947366 -0.128127962 0.118492641 0.058006980 -0.067331374 -0.148491994 -0.039678402 0.985820591
1305031127.979371 -0.131085128 0.119160689 0.057501789 -0.067769498 -0.147454292 -0.041050836 0.985890150
1305031128.011427 -0.131127223 0.119278550 0.057024792 -0.068436339 -0.147147119 -0.041843012 0.985856652
1305031128.047369 -0.130710065 0.117308572 0.064543836 -0.072020322 -0.147918269 -0.039332874 0.985589266
1305031128.079334 -0.128929898 0.115689278 0.066001721 -0.072234467 -0.148436844 -0.038533766 0.985527217
1305031128.111391 -0.125843614 0.111250624 0.066148907 -0.073688686 -0.150179103 -0.037377123 0.985200047
1305031128.147418 -0.123919711 0.108350918 0.068733051 -0.076101497 -0.151626691 -0.035173643 0.984876037
1305031128.179350 -0.128865138 0.110028073 0.071119428 -0.073393188 -0.149748668 -0.035184674 0.985368371
1305031128.211447 -0.129858956 0.112785131 0.070677415 -0.070309252 -0.149297789 -0.033778898 0.985710800
1305031128.247480 -0.129577428 0.114054948 0.069671512 -0.070400856 -0.149526343 -0.033819001 0.985668242
1305031128.279336 -0.127963275 0.110533744 0.074960500 -0.071781762 -0.151886448 -0.033069201 0.985233128
1305031128.311483 -0.128963560 0.108883366 0.071067303 -0.071036167 -0.150312766 -0.034870476 0.985466421
1305031128.347423 -0.128961593 0.108462848 0.070473969 -0.070931055 -0.150512308 -0.036055740 0.985400856
1305031128.379404 -0.130760819 0.107998818 0.070440784 -0.071019977 -0.149921939 -0.037613384 0.985426247
1305031128.411337 -0.131244719 0.109806634 0.069636226 -0.069348633 -0.149768531 -0.038116693 0.985549212
1305031128.447296 -0.131581351 0.110168174 0.068797655 -0.068200894 -0.149597183 -0.040118285 0.985575855
1305031128.479296 -0.131064773 0.107353419 0.071026415 -0.069939926 -0.150745586 -0.040132739 0.985278428
1305031128.511433 -0.131227717 0.108844243 0.073683940 -0.068932556 -0.151405811 -0.039446156 0.985275924
1305031128.547399 -0.130400792 0.106852293 0.073262684 -0.069743164 -0.151107132 -0.039877761 0.985247314
1305031128.579455 -0.129329816 0.106734723 0.074457079 -0.068709590 -0.151297674 -0.039845463 0.985292017
1305031128.611395 -0.128569931 0.103331104 0.074036911 -0.069247939 -0.152172193 -0.039352674 0.985139430
1305031128.647352 -0.131173894 0.104119122 0.071862489 -0.068233773 -0.151787087 -0.039246134 0.985273838
1305031128.679282 -0.132368729 0.103931904 0.070034541 -0.067185678 -0.152056754 -0.040512644 0.985253036
1305031128.711457 -0.131189346 0.102486186 0.071573056 -0.066525206 -0.152922884 -0.041485500 0.985123336
1305031128.747363 -0.133788422 0.101131678 0.066553399 -0.065898567 -0.149667859 -0.043462042 0.985580027
